30 20 600
20 12 38 19 65 20 92 10 13 2 61 11 56 4 95 14 77 8 40 6 23 16 87 1 96 5 95 7 51 9 98 18 44 17 10 3 57 15 44 13 28
20 9 81 16 37 19 13 17 48 7 7 1 87 3 12 12 23 14 83 8 69 11 26 20 61 10 16 13 60 4 79 18 52 15 84 5 93 6 73 2 92
20 18 70 19 1 3 72 5 36 15 66 8 65 11 62 13 98 14 22 1 65 20 26 16 89 6 12 17 52 2 73 12 52 10 28 7 60 9 11 4 26
20 3 4 18 27 5 65 11 39 10 93 7 12 13 92 9 86 6 9 19 87 4 65 8 79 17 92 12 41 20 97 15 45 16 84 14 89 2 64 1 37
20 5 60 12 89 19 16 10 24 3 49 13 93 17 80 6 35 8 61 7 46 9 36 16 68 4 23 14 13 15 51 11 25 1 76 2 46 20 98 18 58
20 5 35 7 18 17 72 19 86 15 99 3 52 8 48 10 98 2 58 16 7 11 26 13 15 6 3 9 37 20 92 14 9 18 63 4 20 1 91 12 86
20 20 56 15 10 12 62 4 8 7 50 10 19 16 53 5 69 3 67 13 8 18 10 11 22 14 40 9 85 1 44 17 22 8 1 2 90 6 47 19 59
20 7 82 10 83 18 75 13 89 17 72 6 39 1 47 9 39 2 15 4 1 15 64 14 66 8 17 3 68 5 43 16 63 19 96 12 37 11 64 20 35
20 11 58 17 48 18 19 6 17 16 33 19 29 15 46 3 81 1 11 2 88 5 58 14 70 8 99 13 96 10 90 7 46 9 69 4 92 20 4 12 45
20 7 74 12 78 16 79 18 44 15 2 10 63 8 68 11 57 17 33 20 90 9 69 2 91 5 35 14 80 6 26 1 44 4 91 13 27 19 2 3 61
20 11 59 12 46 8 81 15 42 6 53 3 44 20 21 16 45 2 91 13 4 9 76 1 18 17 72 14 78 10 20 5 44 18 52 4 37 19 68 7 33
20 20 2 10 63 1 82 4 37 15 3 8 53 14 89 7 31 12 63 9 6 16 98 11 2 5 23 13 38 2 87 3 91 19 60 18 55 6 93 17 38
20 7 74 17 85 11 55 14 52 10 87 19 25 15 85 5 33 2 42 9 65 18 59 6 91 3 91 13 16 4 30 20 62 1 70 8 14 16 35 12 19
20 5 16 12 23 6 70 1 41 16 12 13 99 14 26 20 43 15 14 4 91 17 50 11 78 10 1 2 2 19 4 7 80 18 14 9 63 8 55 3 14
20 2 86 13 32 4 56 16 81 12 52 3 14 6 7 9 74 17 33 10 69 18 23 8 68 5 45 14 19 7 38 15 35 1 21 11 42 20 86 19 98
20 20 33 13 51 8 96 15 5 14 56 11 90 3 50 12 41 4 34 1 93 17 61 18 67 10 60 2 31 19 5 16 41 9 85 6 58 7 57 5 10
20 17 25 20 92 13 17 10 94 4 67 6 60 7 71 18 28 14 70 5 97 9 56 8 29 2 56 11 41 15 57 1 70 12 26 16 50 3 2 19 44
20 8 27 7 48 1 85 20 17 10 1 4 86 17 88 9 43 12 58 5 82 13 51 3 59 14 38 18 99 19 7 16 49 2 88 15 56 6 80 11 1
20 13 61 10 48 20 90 15 59 8 80 9 44 1 26 14 44 17 86 12 31 7 72 4 29 2 68 3 29 5 49 6 23 11 59 16 61 19 70 18 49
20 2 37 5 45 19 24 12 88 1 18 17 33 13 42 9 4 14 7 8 69 3 68 20 39 4 87 6 61 10 42 16 16 18 43 15 83 11 6 7 36
20 11 91 17 35 4 9 6 98 5 49 8 96 12 68 20 81 16 10 15 58 10 21 9 90 7 26 19 36 13 91 1 52 2 9 3 49 14 15 18 80
20 6 11 5 78 8 59 9 47 1 11 12 24 2 55 4 87 18 28 15 2 17 23 20 38 16 71 14 69 11 97 7 74 13 43 3 57 10 44 19 23
20 14 13 15 54 17 19 6 3 1 4 8 13 19 77 13 74 2 2 4 66 20 81 18 60 12 38 5 90 3 67 10 34 16 27 9 57 7 72 11 7
20 15 29 17 69 20 13 16 96 8 90 12 24 5 90 10 3 11 57 4 83 19 78 7 4 14 24 18 65 3 44 1 21 6 56 13 73 2 93 9 97
20 9 53 14 13 7 18 6 33 2 79 20 45 15 17 18 47 10 45 1 79 13 7 12 89 4 51 5 32 8 26 11 32 16 43 19 62 17 31 3 14
20 1 63 20 56 13 68 17 49 11 40 6 51 15 3 9 87 8 63 10 52 19 95 2 56 12 97 7 30 18 99 16 39 14 6 3 76 5 34 4 73
20 13 68 15 31 12 59 7 6 1 30 10 58 4 73 14 62 5 71 2 96 19 23 16 71 9 20 6 11 3 50 8 92 11 62 17 67 18 10 20 65
20 19 98 14 83 8 89 16 64 2 4 12 27 1 79 15 25 3 78 4 36 9 52 11 41 7 21 5 62 13 78 18 92 6 92 20 88 17 80 10 64
20 12 88 6 78 8 10 11 14 9 8 2 18 3 10 7 37 15 49 13 27 18 94 14 95 1 37 5 23 17 15 10 87 4 54 20 1 16 74 19 40
20 1 21 2 3 20 32 11 51 17 9 15 76 6 23 7 73 13 53 4 81 8 74 5 92 19 69 18 56 10 93 16 52 3 83 14 1 12 17 9 46

natural:
24360
12 26 50 80 97 119 135 147 169 196 212 223 257 264 297 310 336 343 367 385 416 425 445 476 490 501 525 547 573 581
5 40 55 79 98 109 138 149 170 192 209 235 249 274 281 314 333 357 373 381 417 427 449 479 485 512 530 545 566 582
18 27 43 61 85 106 129 154 168 200 206 236 253 280 286 307 339 352 374 391 418 438 455 475 500 518 535 549 567 597
7 35 60 71 93 118 124 150 178 197 218 224 255 270 283 309 325 346 372 393 403 428 450 470 493 520 527 550 577 590
13 38 44 63 81 101 128 155 171 193 216 233 248 261 293 320 330 350 375 382 405 422 454 467 494 519 529 554 574 592
10 39 53 69 88 113 139 146 164 195 205 239 252 263 287 318 326 359 376 394 404 421 444 477 484 506 534 557 562 587
14 25 58 66 90 102 125 141 176 181 220 228 241 276 295 319 327 342 371 400 413 436 459 472 483 514 524 553 568 588
9 30 46 72 89 107 137 153 173 187 203 226 258 279 292 303 332 341 365 390 406 423 446 465 495 509 536 543 563 591
15 21 59 68 91 114 134 148 177 191 211 230 250 278 288 317 331 348 366 388 412 424 458 480 481 508 533 551 565 600
4 33 57 65 84 108 126 142 175 186 215 222 245 273 290 313 324 345 362 395 411 439 456 468 489 510 526 560 576 595
6 31 47 64 96 111 132 159 161 188 201 232 243 272 298 306 334 360 377 399 401 435 460 469 496 505 537 552 564 584
1 28 56 74 82 120 123 158 180 182 202 229 260 262 285 308 337 349 370 384 407 426 453 466 492 513 523 546 561 599
20 34 48 67 86 112 130 144 174 198 210 234 254 266 282 302 323 351 361 387 415 437 448 478 491 503 521 555 570 589
8 29 49 78 94 116 133 152 172 194 214 227 244 267 294 305 329 353 368 389 419 434 441 473 482 517 528 542 572 598
19 37 45 76 95 105 122 151 167 185 204 225 247 269 296 304 335 358 364 398 410 430 442 461 487 507 522 548 569 586
11 22 52 77 92 110 127 156 165 183 208 231 259 265 284 316 338 356 378 396 409 433 457 464 497 516 532 544 579 596
17 24 54 73 87 103 136 145 162 189 213 240 242 271 289 311 321 347 369 386 402 431 443 462 499 504 538 559 575 585
16 36 41 62 100 117 131 143 163 184 217 238 251 277 291 312 328 354 380 397 420 429 452 474 488 515 539 556 571 594
2 23 42 70 83 104 140 157 166 199 219 237 246 275 300 315 340 355 379 383 414 440 447 471 498 511 531 541 580 593
3 32 51 75 99 115 121 160 179 190 207 221 256 268 299 301 322 344 363 392 408 432 451 463 486 502 540 558 578 583

INSA:
2398
581 501 343 223 445 525 425 169 26 385 264 547 147 490 212 310 573 367 135 12 196 50 476 97 297 119 416 336 257 80
582 281 381 485 5 449 170 566 545 209 427 249 149 530 235 109 192 512 314 138 333 357 274 373 98 55 417 479 79 40
61 43 206 168 106 85 27 129 567 286 307 549 391 352 236 154 253 535 475 455 438 200 374 518 418 18 339 597 500 280
283 346 224 124 527 590 403 450 7 325 428 309 150 470 550 71 393 35 93 270 255 493 372 197 118 218 577 178 520 60
261 63 101 81 422 382 44 128 171 529 467 248 350 233 592 405 574 554 193 454 216 330 155 293 494 13 38 375 519 320
421 484 164 444 587 205 263 506 562 404 287 146 69 326 10 88 252 113 195 394 534 139 477 557 53 318 376 39 239 359
141 342 483 102 181 241 524 66 588 125 25 228 568 327 553 90 472 371 436 295 514 413 14 276 176 220 459 319 58 400
341 303 203 446 423 226 543 465 563 187 591 509 9 30 390 107 89 365 153 406 46 137 292 72 173 332 495 536 258 279
481 21 424 68 508 565 348 288 388 211 230 148 191 134 250 551 366 91 114 533 331 412 317 15 458 177 278 480 59 600
222 142 345 65 526 362 4 126 186 84 324 245 489 468 510 108 33 290 215 313 411 395 576 273 175 456 595 439 57 560
201 161 64 584 401 243 505 6 564 188 132 306 469 232 31 552 111 47 435 96 272 496 298 334 537 377 159 399 460 360
561 262 202 1 523 182 123 82 426 384 28 285 546 466 229 349 308 453 407 492 370 513 74 158 56 337 120 599 180 260
302 521 282 361 503 67 589 448 323 144 130 387 210 570 86 266 234 351 34 491 112 254 48 555 174 437 198 478 415 20
441 482 542 305 227 528 244 29 8 389 133 172 572 267 329 152 353 434 214 368 94 194 473 49 116 294 517 78 419 598
461 442 122 522 304 586 204 225 167 185 105 507 487 364 45 569 247 548 430 151 269 95 410 37 296 76 335 358 398 19
464 165 22 183 208 127 284 544 265 231 11 433 110 92 532 409 316 356 396 156 52 497 77 516 457 596 378 338 579 259
321 462 162 103 585 443 242 504 24 402 347 386 145 189 87 431 289 311 213 575 136 369 73 271 54 17 538 559 499 240
62 41 163 184 143 131 488 571 429 328 452 251 594 291 312 36 354 217 474 117 556 515 397 277 16 238 539 420 100 380
541 42 2 104 166 23 447 383 83 246 70 511 471 593 531 315 355 237 140 157 199 414 275 219 498 300 440 379 340 580
301 221 583 121 463 502 344 322 3 207 486 363 451 190 432 32 392 268 408 115 256 51 75 578 299 558 99 540 179 160

