20 15 300
15 4 25 12 75 15 75 2 76 11 38 3 62 5 38 8 59 1 14 13 13 6 46 10 31 7 57 14 92 9 3
15 6 67 1 5 4 11 9 11 5 40 2 34 13 77 15 42 7 35 8 96 11 22 3 55 10 21 14 29 12 16
15 3 22 4 98 15 8 1 35 10 59 13 31 6 13 5 46 8 52 11 22 9 18 12 19 14 64 2 29 7 70
15 9 99 11 42 2 2 14 35 4 11 5 92 15 88 10 97 3 21 6 56 12 17 8 43 1 27 7 19 13 23
15 15 50 9 5 2 59 3 71 11 47 10 39 13 82 5 35 7 12 6 2 1 39 14 42 4 52 12 65 8 35
15 4 48 11 57 2 5 6 2 7 60 1 64 9 86 8 3 12 51 14 26 3 34 15 39 13 45 10 63 5 54
15 3 40 11 43 2 50 13 71 9 46 1 99 8 67 7 34 15 6 14 95 5 67 4 54 6 29 10 30 12 60
15 2 59 1 3 3 85 5 6 8 46 14 49 12 5 4 82 13 18 6 71 7 48 15 79 10 62 9 65 11 76
15 5 65 6 55 10 81 11 15 8 32 7 52 3 97 2 69 13 82 4 89 14 69 1 87 9 22 15 71 12 63
15 2 70 5 74 4 52 11 94 15 14 1 81 7 24 14 14 12 32 9 39 6 67 13 59 8 18 10 77 3 50
15 4 18 11 6 2 96 1 53 10 35 9 99 15 39 7 18 5 14 8 90 3 64 13 81 6 89 12 48 14 80
15 3 44 8 75 7 12 9 13 4 74 6 59 15 71 5 75 2 30 1 93 10 26 11 30 14 84 12 91 13 93
15 1 39 8 56 15 13 9 29 13 55 11 69 10 26 4 7 7 55 2 48 5 22 3 46 12 50 14 96 6 17
15 13 57 4 14 10 8 5 13 2 95 1 53 11 78 7 24 6 92 3 90 15 68 14 87 8 43 9 75 12 94
15 4 93 15 92 7 18 6 28 14 27 10 40 2 56 1 83 13 51 8 15 3 97 5 48 11 53 9 78 12 39
15 6 47 15 34 7 42 13 28 9 11 3 11 5 30 10 14 12 10 14 4 4 20 2 92 8 19 1 59 11 28
15 4 69 8 82 11 64 15 40 1 27 9 82 2 27 12 43 6 56 14 17 5 18 13 20 7 98 10 43 3 68
15 11 84 9 26 3 87 12 61 14 95 7 23 15 88 4 89 10 49 8 84 5 12 6 51 13 3 1 44 2 20
15 4 43 3 54 13 18 14 72 2 70 7 28 15 20 6 22 5 59 9 36 10 85 12 13 1 73 11 29 8 45
15 12 7 15 97 6 4 7 22 11 74 10 45 14 62 2 95 5 66 9 14 1 40 4 23 13 79 3 34 8 8

natural:
10645
9 17 34 58 71 81 96 107 132 141 154 175 181 201 218 239 245 269 283 296
4 21 44 48 63 78 93 106 128 136 153 174 190 200 217 237 247 270 275 293
6 27 31 54 64 86 91 108 127 150 161 166 192 205 221 231 255 258 272 299
1 18 32 50 73 76 102 113 130 138 151 170 188 197 211 236 241 263 271 297
7 20 38 51 68 90 101 109 121 137 159 173 191 199 222 232 251 266 279 294
11 16 37 55 70 79 103 115 122 146 163 171 195 204 214 226 249 267 278 288
13 24 45 59 69 80 98 116 126 142 158 168 189 203 213 228 253 261 276 289
8 25 39 57 75 83 97 110 125 148 160 167 182 208 220 238 242 265 285 300
15 19 41 46 62 82 95 119 133 145 156 169 184 209 224 230 246 257 280 295
12 28 35 53 66 89 104 118 123 149 155 176 187 198 216 233 254 264 281 291
5 26 40 47 65 77 92 120 124 139 152 177 186 202 223 240 243 256 284 290
2 30 42 56 74 84 105 112 135 144 164 179 193 210 225 234 248 259 282 286
10 22 36 60 67 88 94 114 129 147 162 180 185 196 219 229 252 268 273 298
14 29 43 49 72 85 100 111 131 143 165 178 194 207 215 235 250 260 274 292
3 23 33 52 61 87 99 117 134 140 157 172 183 206 212 227 244 262 277 287

INSA:
1750
17 181 96 107 201 34 154 141 245 218 71 175 81 283 9 296 132 239 58 269
136 63 93 153 200 106 21 275 4 128 48 78 217 247 174 190 293 237 44 270
91 166 31 272 258 64 108 127 205 6 231 161 192 221 54 86 299 27 255 150
151 1 271 197 76 211 18 241 138 170 32 113 50 188 263 130 73 236 297 102
121 137 199 20 109 38 173 51 159 68 279 251 191 7 232 294 101 222 266 90
122 16 288 214 226 171 37 204 79 278 115 70 249 146 163 11 103 55 267 195
168 213 126 289 98 261 203 228 276 142 80 158 189 69 116 253 24 13 45 59
167 182 125 242 97 110 39 160 220 8 208 83 25 148 238 265 75 300 57 285
62 257 169 95 19 184 46 156 246 41 230 280 145 82 295 209 133 119 224 15
198 123 216 35 155 66 187 291 281 176 233 264 254 53 118 12 104 149 28 89
92 152 256 77 124 139 65 202 243 5 47 186 40 290 177 223 26 284 240 120
286 2 259 112 144 42 248 282 193 234 74 164 84 179 210 56 225 105 30 135
196 94 273 185 22 36 129 114 67 229 219 252 162 147 10 298 88 268 180 60
274 215 260 111 49 143 100 43 292 250 72 207 131 235 178 85 194 14 29 165
61 287 183 212 3 33 227 140 172 244 99 277 157 262 23 206 52 117 87 134

