30 15 450
15 14 79 1 31 11 42 3 88 13 16 9 99 6 82 7 53 5 29 15 49 2 9 12 15 10 92 4 73 8 98
15 8 76 4 89 1 48 13 15 14 54 15 37 9 53 2 63 11 44 5 91 12 13 3 73 7 42 10 99 6 41
15 13 49 15 52 11 25 2 89 14 3 6 2 4 40 12 44 7 94 3 7 5 68 8 73 9 73 1 30 10 14
15 15 28 14 49 2 13 13 87 8 62 1 10 5 29 6 62 4 34 3 7 7 47 9 40 12 57 11 80 10 86
15 8 39 6 12 2 34 4 91 9 48 13 71 3 45 14 98 1 23 5 91 7 90 11 41 12 90 15 54 10 87
15 12 30 6 63 5 57 15 36 11 72 4 54 1 69 10 9 8 53 13 72 7 68 3 33 14 61 9 12 2 89
15 6 65 9 40 13 34 10 37 4 64 3 62 15 14 5 78 2 1 14 65 8 2 1 67 12 56 7 75 11 26
15 8 22 15 98 6 67 10 56 4 41 2 89 5 25 11 94 13 76 3 37 7 8 14 84 12 73 1 65 9 74
15 11 44 15 33 7 41 6 52 14 86 13 11 4 60 9 87 1 13 8 40 3 62 10 47 5 39 12 65 2 77
15 7 88 6 31 5 63 4 49 13 50 15 77 8 6 10 80 2 20 14 30 12 11 9 41 3 43 1 74 11 73
15 6 7 2 69 1 69 12 53 14 52 7 33 13 19 8 84 3 12 10 36 4 85 5 74 11 2 9 97 15 52
15 13 33 14 8 1 74 4 75 3 51 6 64 11 55 12 7 5 81 2 82 8 70 15 33 10 84 7 37 9 48
15 12 54 1 97 10 79 13 71 8 70 3 84 14 28 9 14 6 20 5 99 4 6 2 30 15 51 7 68 11 41
15 6 10 9 90 14 14 11 72 15 30 8 77 10 69 1 56 13 78 3 55 7 98 5 91 12 27 4 36 2 86
15 10 92 4 97 11 71 6 13 3 93 7 65 8 44 12 46 5 71 2 69 13 26 14 18 15 31 9 10 1 47
15 2 47 8 5 3 14 6 47 7 81 10 84 11 62 9 91 15 5 12 58 5 77 13 55 1 49 4 5 14 5
15 14 46 12 96 6 61 3 67 1 2 7 9 9 94 10 38 11 66 5 25 8 67 2 57 13 79 15 74 4 47
15 10 74 9 52 2 50 11 43 4 93 3 30 7 85 12 75 1 58 8 47 6 70 13 42 14 62 15 58 5 81
15 6 5 13 42 4 63 1 42 14 28 11 40 8 36 10 49 7 65 15 6 2 14 5 20 3 85 9 41 12 70
15 6 7 11 36 12 54 8 91 5 98 7 31 10 33 1 72 9 21 13 61 3 1 4 30 2 85 14 79 15 32
15 11 79 15 82 4 49 2 51 12 43 14 16 10 44 13 62 7 20 9 12 1 7 6 1 3 64 8 21 5 37
15 15 94 13 75 9 56 14 25 7 89 10 72 6 84 3 71 8 74 11 83 4 6 2 69 5 87 12 19 1 68
15 12 7 9 29 8 15 7 3 1 62 10 53 14 92 11 1 13 27 6 21 3 66 15 92 2 19 5 22 4 48
15 2 75 10 12 13 46 8 37 6 72 9 35 14 6 3 32 4 50 15 33 7 14 1 34 11 93 12 83 5 11
15 3 87 6 56 14 70 1 81 10 80 4 58 9 75 2 48 13 55 15 92 7 9 5 16 11 41 12 71 8 63
15 2 29 9 66 8 18 15 55 11 53 4 81 6 47 7 86 5 33 13 30 14 75 12 73 1 27 3 51 10 67
15 3 60 15 17 4 18 14 61 11 82 6 72 13 5 8 92 2 75 9 91 1 89 12 35 5 53 7 68 10 85
15 15 82 5 54 4 96 3 19 10 20 1 67 9 27 7 77 8 59 12 87 2 40 14 7 13 46 6 32 11 84
15 10 69 13 52 6 26 5 65 3 89 4 51 1 79 14 51 9 27 8 91 7 23 11 59 2 99 12 51 15 70
15 12 62 7 57 8 30 9 5 6 30 15 13 14 39 4 31 11 16 2 68 13 32 1 83 3 4 10 27 5 27

natural:
18192
2 18 44 51 69 82 102 119 129 149 153 168 182 203 225 238 245 264 274 293 311 330 335 357 364 388 401 411 427 447
11 23 34 48 63 90 99 111 135 144 152 175 192 210 220 226 252 258 281 298 304 327 343 346 368 376 399 416 433 445
4 27 40 55 67 87 96 115 131 148 159 170 186 205 215 228 244 261 283 296 313 323 341 353 361 389 391 409 425 448
14 17 37 54 64 81 95 110 127 139 161 169 191 209 212 239 255 260 273 297 303 326 345 354 366 381 393 408 426 443
9 25 41 52 70 78 98 112 133 138 162 174 190 207 219 236 250 270 282 290 315 328 344 360 372 384 403 407 424 450
7 30 36 53 62 77 91 108 124 137 151 171 189 196 214 229 243 266 271 286 312 322 340 350 362 382 396 419 423 440
8 28 39 56 71 86 104 116 123 136 156 179 194 206 216 230 246 262 279 291 309 320 334 356 371 383 404 413 431 437
15 16 42 50 61 84 101 106 130 142 158 176 185 201 217 227 251 265 277 289 314 324 333 349 375 378 398 414 430 438
6 22 43 57 65 89 92 120 128 147 164 180 188 197 224 233 247 257 284 294 310 318 332 351 367 377 400 412 429 439
13 29 45 60 75 83 94 109 132 143 160 178 183 202 211 231 248 256 278 292 307 321 336 347 365 390 405 410 421 449
3 24 33 59 72 80 105 113 121 150 163 172 195 199 213 232 249 259 276 287 301 325 338 358 373 380 395 420 432 444
12 26 38 58 73 76 103 118 134 146 154 173 181 208 218 235 242 263 285 288 305 329 331 359 374 387 402 415 434 436
5 19 31 49 66 85 93 114 126 140 157 166 184 204 221 237 253 267 272 295 308 317 339 348 369 385 397 418 422 446
1 20 35 47 68 88 100 117 125 145 155 167 187 198 222 240 241 268 275 299 306 319 337 352 363 386 394 417 428 442
10 21 32 46 74 79 97 107 122 141 165 177 193 200 223 234 254 269 280 300 302 316 342 355 370 379 392 406 435 441

INSA:
2235
168 2 153 18 182 335 51 245 364 427 82 203 129 69 293 411 264 401 311 274 388 102 357 149 119 447 44 238 225 330
152 226 376 34 63 48 258 346 111 23 399 99 304 445 175 252 11 298 433 144 368 192 135 90 327 220 281 343 416 210
391 361 228 4 170 425 96 244 159 67 55 40 186 131 261 115 296 215 409 323 205 353 27 313 87 148 389 341 448 283
17 393 169 95 37 64 139 426 110 81 127 443 381 54 303 212 260 408 297 161 366 273 354 191 326 14 255 209 345 239
424 78 138 407 52 290 112 98 174 41 250 70 384 9 133 25 162 190 315 219 403 372 236 207 282 344 328 450 270 360
286 151 196 91 77 423 62 124 229 137 36 362 243 108 271 396 440 171 7 53 382 214 322 350 189 312 340 266 419 30
123 136 334 230 437 320 156 246 291 39 8 56 383 262 116 431 71 216 309 86 413 356 179 28 371 206 279 404 194 104
16 106 61 227 333 378 289 201 438 50 398 158 185 84 130 430 251 349 142 176 217 101 324 314 265 414 277 42 15 375
92 197 332 377 257 318 6 439 65 22 247 128 429 57 294 400 233 188 351 412 310 367 147 89 180 43 164 224 284 120
421 94 256 109 347 211 183 202 160 248 83 292 231 336 321 307 132 410 365 143 13 178 60 278 390 29 405 449 45 75
121 33 3 287 199 395 80 380 301 259 172 444 113 249 213 232 24 432 338 59 72 163 276 325 358 373 150 195 105 420
76 331 242 288 181 436 154 38 173 305 58 263 12 235 26 134 387 146 402 218 434 118 103 415 73 208 374 359 329 285
166 31 422 93 317 49 5 19 140 126 272 397 66 157 184 348 204 114 295 385 85 253 308 339 446 369 267 221 237 418
167 1 241 198 47 35 394 363 319 125 20 155 442 428 68 306 187 337 386 117 352 100 145 275 88 268 299 222 417 240
316 122 392 32 46 107 79 200 379 406 97 441 21 141 302 10 234 177 254 355 193 370 342 269 280 300 223 74 165 435

