50 15 750
15 3 76 11 34 13 28 9 8 10 10 1 74 15 92 14 30 7 10 8 82 5 45 12 74 4 24 6 87 2 38
15 4 90 2 55 11 16 13 77 1 86 3 83 10 26 9 92 14 23 12 50 7 74 15 81 6 15 5 14 8 31
15 9 35 1 56 3 32 2 64 4 70 8 78 14 23 7 46 5 8 11 75 13 45 12 5 6 7 10 62 15 73
15 11 74 5 13 2 78 7 88 13 32 4 26 6 8 12 2 15 27 3 29 14 62 10 48 9 25 1 78 8 8
15 3 95 2 68 15 65 9 93 12 68 14 75 13 54 7 2 6 60 4 99 8 13 5 3 10 66 1 57 11 60
15 12 43 13 84 10 7 8 70 15 43 7 37 3 42 2 92 5 70 1 91 4 30 9 5 11 57 14 70 6 80
15 1 83 9 97 13 12 2 19 6 50 5 18 8 41 15 66 11 24 3 98 12 11 10 21 14 29 4 6 7 86
15 4 86 8 4 14 94 10 52 13 22 9 76 11 81 12 47 5 92 3 95 1 15 6 33 2 85 7 38 15 54
15 14 80 13 56 10 54 7 87 4 22 15 93 3 36 9 83 11 99 12 27 5 15 2 7 6 69 8 77 1 50
15 10 43 11 49 9 13 13 27 14 94 12 91 2 79 6 80 3 13 8 81 15 34 7 19 4 67 1 3 5 67
15 8 63 4 56 3 77 9 17 7 17 11 51 6 3 2 9 14 7 1 63 13 87 12 66 15 92 5 64 10 60
15 9 33 13 86 2 35 3 69 15 32 5 86 11 26 6 98 7 95 10 31 1 11 14 82 12 85 8 71 4 61
15 10 81 14 86 4 1 15 18 6 16 3 94 12 84 1 11 7 18 9 41 5 72 13 15 11 50 8 79 2 77
15 13 67 4 41 6 99 9 29 8 62 14 80 7 39 2 1 15 21 1 38 12 68 3 88 5 88 11 95 10 2
15 7 76 5 80 2 42 6 65 4 4 10 62 1 50 8 93 15 74 12 76 11 10 9 76 14 55 13 95 3 94
15 2 76 9 40 1 96 10 89 11 22 14 1 8 22 6 49 5 12 7 27 15 17 12 34 13 48 4 28 3 32
15 8 90 14 50 2 33 10 53 7 21 11 35 3 11 9 53 13 44 5 58 12 76 15 32 6 62 4 60 1 23
15 14 96 4 14 3 67 5 37 1 7 9 23 13 76 12 82 8 51 7 68 11 58 2 66 15 13 10 40 6 43
15 5 32 10 95 2 70 7 27 1 79 6 37 14 98 3 86 13 85 4 53 11 25 15 88 8 32 9 31 12 26
15 1 18 4 31 3 97 14 94 13 74 11 73 6 40 15 34 2 88 7 52 12 48 9 72 10 50 5 20 8 6
15 5 85 2 90 14 87 10 57 11 87 1 11 8 96 9 69 15 77 7 95 4 60 12 37 6 87 13 83 3 40
15 13 76 7 1 11 46 1 31 6 21 4 57 14 69 2 96 12 85 9 40 15 30 10 4 3 61 8 44 5 29
15 10 33 7 48 4 71 1 27 13 67 3 11 6 23 8 97 9 71 14 23 15 54 5 91 11 55 12 12 2 62
15 1 65 4 19 9 6 14 45 12 94 13 4 15 46 8 52 10 93 7 14 11 49 2 70 3 1 5 3 6 23
15 3 14 6 3 1 34 13 13 14 46 10 79 4 82 12 76 11 14 9 6 5 27 8 34 7 65 2 51 15 85
15 14 8 3 41 5 74 7 9 13 42 10 98 8 65 2 94 12 24 4 83 9 21 15 75 6 26 11 30 1 67
15 1 86 12 96 9 60 5 6 8 78 7 87 14 5 2 26 6 48 4 81 10 64 11 20 3 44 15 91 13 12
15 11 75 6 24 1 27 10 14 2 33 14 17 4 93 8 5 5 5 7 89 13 53 9 66 15 85 12 51 3 96
15 2 31 9 63 5 21 11 37 14 68 4 78 13 48 1 66 15 86 10 18 7 77 12 22 8 31 3 87 6 18
15 9 23 14 25 7 22 4 40 2 5 8 9 10 29 1 51 13 61 15 84 3 50 5 4 11 87 6 36 12 31
15 5 16 4 81 13 18 2 73 14 26 1 19 7 54 9 44 15 92 3 8 8 6 10 89 12 2 11 46 6 21
15 1 57 9 48 2 31 8 57 15 11 6 79 5 68 11 99 10 44 13 71 7 59 3 13 14 10 4 48 12 32
15 4 42 7 34 13 93 12 63 1 13 3 38 6 93 2 34 15 66 9 62 14 39 5 68 10 43 11 72 8 37
15 6 86 5 11 15 33 8 85 1 9 9 33 14 80 3 92 13 59 10 21 2 65 7 19 12 96 11 17 4 33
15 7 44 10 43 13 78 12 36 3 8 2 12 9 4 6 8 15 2 11 78 5 43 8 27 14 9 4 16 1 17
15 11 81 3 32 5 38 1 83 15 32 13 74 14 76 2 6 9 17 6 28 10 76 7 66 8 19 12 27 4 77
15 12 49 5 74 9 35 7 11 3 81 8 72 15 76 13 49 6 67 4 29 1 52 2 33 10 72 14 54 11 19
15 15 96 8 73 3 39 12 69 1 42 5 77 10 95 9 5 6 37 7 56 11 21 4 65 14 5 13 40 2 8
15 1 11 15 44 12 32 5 43 3 10 7 5 6 62 14 15 13 92 2 79 11 30 8 29 9 21 10 58 4 29
15 3 22 6 83 14 55 9 95 12 42 13 42 7 62 5 12 10 82 11 52 15 41 8 40 1 86 2 28 4 48
15 2 64 10 68 5 14 6 70 3 63 1 33 14 82 8 55 7 17 12 51 4 96 13 27 9 79 11 63 15 28
15 7 89 5 80 12 98 9 54 11 75 8 97 6 40 14 62 4 98 2 38 13 70 3 39 10 23 15 12 1 94
15 13 21 3 8 7 80 6 2 15 66 11 33 9 22 1 21 10 70 8 14 2 32 5 70 12 78 14 46 4 38
15 15 17 10 22 6 57 2 60 1 68 4 86 7 31 8 16 3 75 14 65 13 46 11 56 12 75 5 99 9 6
15 10 4 5 75 2 8 15 35 8 67 7 88 1 40 11 90 13 9 6 99 14 93 9 39 12 59 4 90 3 69
15 3 34 6 61 9 88 13 54 1 95 11 22 7 47 10 91 5 53 4 7 2 94 8 14 15 70 14 40 12 31
15 11 28 4 90 10 5 15 85 14 83 6 6 3 69 1 6 5 57 7 87 13 93 8 75 12 70 9 86 2 68
15 8 25 11 44 10 54 15 94 6 35 13 62 9 63 12 51 4 59 3 68 14 85 1 48 7 64 5 40 2 75
15 8 29 1 42 3 56 4 94 12 9 15 31 6 80 13 52 5 53 10 82 2 8 14 32 9 94 11 94 7 32
15 10 39 3 12 7 34 9 24 8 41 13 85 1 74 4 46 15 30 14 89 11 2 12 87 2 57 6 84 5 34

natural:
29562
6 20 32 59 74 85 91 116 135 149 160 176 188 205 217 228 255 260 275 286 306 319 334 346 363 390 391 408 428 443 456 466 485 500 525 529 551 560 571 598 606 630 638 650 667 680 698 717 722 742
15 17 34 48 62 83 94 118 132 142 158 168 195 203 213 226 243 267 273 294 302 323 345 357 374 383 398 410 421 440 454 468 488 506 516 533 552 570 580 599 601 625 641 649 663 686 705 720 731 748
1 21 33 55 61 82 100 115 127 144 153 169 186 207 225 240 247 258 278 288 315 328 336 358 361 377 403 420 434 446 460 477 486 503 515 527 545 558 575 586 605 627 632 654 675 676 697 715 723 737
13 16 35 51 70 86 104 106 125 148 152 180 183 197 215 239 254 257 280 287 311 321 333 347 367 385 400 412 426 439 452 479 481 510 524 540 550 567 585 600 611 624 645 651 674 685 692 714 724 743
11 29 39 47 72 84 96 114 131 150 164 171 191 208 212 234 250 259 271 299 301 330 342 359 371 378 394 414 423 447 451 472 492 497 521 528 542 561 574 593 603 617 642 659 662 684 699 719 729 750
14 28 43 52 69 90 95 117 133 143 157 173 185 198 214 233 253 270 276 292 313 320 337 360 362 388 399 407 435 449 465 471 487 496 518 535 549 564 577 587 604 622 634 648 670 677 696 710 727 749
9 26 38 49 68 81 105 119 124 147 155 174 189 202 211 235 245 265 274 295 310 317 332 355 373 379 396 415 431 438 457 476 482 507 511 537 544 565 576 592 609 616 633 652 666 682 700 718 735 738
10 30 36 60 71 79 97 107 134 145 151 179 194 200 218 232 241 264 283 300 307 329 338 353 372 382 395 413 433 441 461 469 495 499 522 538 546 557 582 597 608 621 640 653 665 687 702 706 721 740
4 23 31 58 64 87 92 111 128 138 154 166 190 199 222 227 248 261 284 297 308 325 339 348 370 386 393 417 422 436 458 467 490 501 517 534 543 563 583 589 613 619 637 660 672 678 704 712 733 739
5 22 44 57 73 78 102 109 123 136 165 175 181 210 216 229 244 269 272 298 304 327 331 354 366 381 401 409 430 442 462 474 493 505 512 536 553 562 584 594 602 628 639 647 661 683 693 708 730 736
2 18 40 46 75 88 99 112 129 137 156 172 193 209 221 230 246 266 281 291 305 318 343 356 369 389 402 406 424 448 464 473 494 509 520 526 555 566 581 595 614 620 636 657 668 681 691 707 734 746
12 25 42 53 65 76 101 113 130 141 162 178 187 206 220 237 251 263 285 296 312 324 344 350 368 384 392 419 432 450 463 480 484 508 514 539 541 559 573 590 610 618 643 658 673 690 703 713 725 747
3 19 41 50 67 77 93 110 122 139 161 167 192 196 224 238 249 262 279 290 314 316 335 351 364 380 405 416 427 444 453 475 483 504 513 531 548 569 579 591 612 626 631 656 669 679 701 711 728 741
8 24 37 56 66 89 103 108 121 140 159 177 182 201 223 231 242 256 277 289 303 322 340 349 365 376 397 411 425 437 455 478 491 502 523 532 554 568 578 588 607 623 644 655 671 689 695 716 732 745
7 27 45 54 63 80 98 120 126 146 163 170 184 204 219 236 252 268 282 293 309 326 341 352 375 387 404 418 429 445 459 470 489 498 519 530 547 556 572 596 615 629 635 646 664 688 694 709 726 744

INSA:
3195
286 363 571 91 32 466 443 319 500 391 722 408 650 485 260 217 6 160 606 228 428 306 667 275 638 680 20 529 742 698 85 346 188 334 551 456 560 255 116 205 59 598 717 176 74 525 390 630 149 135
421 601 440 649 213 94 34 468 302 48 663 62 226 17 158 243 410 273 323 168 488 83 641 374 506 383 516 454 398 533 731 552 580 267 625 203 142 294 686 118 132 15 599 195 748 705 357 720 570 345
361 676 737 1 377 33 586 61 288 258 153 575 632 545 605 527 723 486 446 247 169 127 82 186 503 21 697 654 558 328 715 515 100 278 336 55 115 460 403 627 207 477 434 144 240 420 675 358 315 225
481 287 439 106 152 257 692 321 215 35 16 426 367 197 125 183 724 412 452 651 714 333 611 86 347 743 254 550 385 624 51 400 13 70 685 280 540 311 239 524 479 600 674 104 585 567 510 148 645 180
271 301 497 423 212 617 47 574 542 662 378 259 603 96 371 394 451 528 414 250 472 39 171 84 492 11 642 699 593 729 191 234 561 114 684 447 330 72 521 131 29 208 164 342 719 659 359 299 750 150
362 496 648 677 587 320 214 407 577 604 157 95 710 634 198 471 487 185 696 276 173 622 727 43 253 549 518 399 233 337 535 52 292 388 69 670 117 270 14 28 564 133 143 90 435 313 749 449 465 360
211 317 438 738 482 616 511 332 576 49 155 544 379 124 633 245 274 666 81 592 609 415 38 9 373 265 682 652 431 189 700 396 507 457 235 26 68 202 174 537 295 310 476 119 355 565 718 147 105 735
706 721 151 441 740 107 499 241 469 36 79 665 218 97 546 372 395 608 413 264 307 621 10 640 557 653 382 232 433 495 329 200 338 702 538 71 194 353 597 582 522 461 60 687 30 145 283 134 179 300
436 166 31 422 739 92 467 678 4 138 619 589 501 543 154 261 111 64 227 370 393 248 199 637 712 490 325 417 308 87 348 190 128 517 23 222 386 534 733 458 339 58 613 563 672 583 704 297 284 660
661 736 647 331 136 181 442 708 272 693 366 109 602 78 216 5 123 409 244 304 512 381 639 229 430 683 22 505 327 493 44 594 730 102 553 536 269 57 401 562 474 73 354 175 462 584 628 298 165 210
691 707 318 424 46 2 137 406 156 526 18 369 620 246 305 112 636 668 40 681 172 221 230 99 266 494 88 657 520 291 193 473 129 595 402 746 281 581 389 448 614 356 566 734 464 509 75 343 209 555
76 541 573 618 484 392 590 368 65 263 324 725 113 610 713 220 251 162 42 432 187 514 12 559 384 101 643 25 141 53 237 419 658 350 539 130 206 296 703 747 673 312 463 508 178 285 690 344 480 450
316 364 631 167 483 93 3 444 139 77 110 679 122 196 591 380 427 262 19 741 249 711 513 579 161 41 416 504 453 728 548 531 656 290 335 50 192 669 67 701 612 279 626 351 475 238 224 314 569 405
376 437 121 365 256 108 425 588 242 322 37 502 303 159 182 578 411 607 66 695 289 8 140 491 231 623 277 655 349 532 397 455 24 732 89 201 56 340 745 671 223 523 478 716 103 177 644 554 568 689
646 556 498 572 694 470 445 664 63 80 709 126 184 635 219 170 7 489 726 98 429 547 530 252 326 375 744 309 519 418 387 236 54 268 293 459 204 341 27 352 596 163 282 615 688 146 120 629 404 45

