50 20 1000
20 11 20 2 22 3 38 8 33 18 24 5 72 4 75 19 61 1 2 15 17 7 67 20 50 16 65 17 77 14 65 13 35 6 68 12 76 10 98 9 81
20 12 73 4 86 8 26 19 42 13 50 6 13 14 92 7 15 5 77 15 74 11 48 3 54 2 46 17 60 20 83 1 78 16 1 10 91 9 33 18 60
20 15 67 20 63 6 54 12 65 17 29 13 51 2 74 9 16 7 11 5 97 3 87 10 66 19 4 11 10 18 52 1 85 14 60 4 64 8 40 16 49
20 11 31 17 73 16 2 3 4 15 87 2 81 12 90 8 92 6 27 19 51 13 4 1 42 5 21 9 77 18 71 7 5 10 77 4 81 20 39 14 32
20 20 18 9 13 5 89 15 45 13 59 14 90 3 86 10 71 4 5 1 54 2 42 11 60 18 32 7 16 19 86 12 70 17 7 8 16 6 81 16 4
20 1 59 10 55 12 3 19 43 4 26 16 19 3 57 18 75 11 35 9 40 14 17 13 3 15 96 5 82 6 26 2 23 7 97 17 23 8 65 20 28
20 1 83 9 81 13 19 6 54 12 86 17 94 8 49 3 38 16 38 4 33 11 93 19 63 7 51 14 45 15 68 20 4 18 29 2 53 5 85 10 21
20 11 46 16 8 20 5 18 29 7 32 2 34 15 3 1 10 17 45 8 70 5 77 19 1 14 62 4 79 3 50 13 2 12 18 10 89 9 86 6 21
20 12 17 7 47 8 7 2 20 18 9 10 92 13 23 19 76 1 71 9 20 5 21 16 72 15 71 6 92 4 92 11 17 20 9 17 38 3 23 14 34
20 14 6 19 74 9 29 15 99 12 80 17 27 11 43 16 36 1 31 10 63 2 34 5 26 20 98 8 47 4 69 3 5 6 55 13 22 18 15 7 19
20 19 77 9 12 15 96 3 84 6 22 2 16 7 59 14 94 1 69 18 68 16 81 4 13 17 45 12 61 11 27 20 26 8 12 5 86 10 82 13 85
20 7 27 19 81 17 2 13 29 1 61 18 2 2 40 12 78 16 65 8 68 5 39 3 68 11 39 9 63 20 59 14 79 15 96 6 11 10 76 4 48
20 20 95 14 62 19 10 12 68 7 42 4 61 6 73 15 51 17 81 5 75 8 37 16 96 11 65 18 45 13 44 9 43 2 19 10 44 1 94 3 56
20 2 23 16 70 18 24 15 4 11 86 14 90 5 86 10 83 1 75 19 46 12 92 13 94 17 23 20 29 9 6 3 3 8 33 6 12 7 51 4 15
20 6 7 16 55 4 26 15 30 1 79 5 58 13 86 2 70 10 68 7 98 9 26 12 32 11 98 18 35 3 37 20 13 8 85 14 85 19 14 17 34
20 14 21 20 68 19 1 13 76 12 44 15 4 18 48 2 39 3 73 7 81 1 50 16 97 8 41 11 79 4 10 10 73 6 36 9 28 5 64 17 31
20 17 76 6 55 15 41 8 46 18 80 1 99 4 99 2 59 7 14 3 86 13 69 9 24 10 54 12 34 14 32 20 98 11 74 5 67 19 24 16 56
20 16 14 2 32 12 77 18 81 20 35 1 38 9 38 19 38 3 61 7 87 15 70 17 79 10 25 6 46 8 88 4 18 13 76 5 98 11 75 14 23
20 6 61 2 92 18 6 4 58 19 26 11 26 13 36 20 89 8 9 16 35 1 54 3 5 7 72 12 91 10 4 15 61 9 75 14 42 5 85 17 45
20 13 46 20 89 7 49 14 86 12 14 6 62 15 53 9 59 8 27 3 86 19 10 1 87 5 99 18 4 2 84 16 62 11 74 10 30 17 68 4 86
20 13 1 14 3 12 84 1 78 11 42 16 73 9 98 8 91 4 70 10 53 6 57 15 36 19 76 2 4 7 76 20 22 18 70 5 67 17 6 3 16
20 13 80 19 91 14 24 7 36 3 44 15 81 8 78 11 65 4 2 18 91 20 62 16 41 9 40 12 96 2 64 1 5 10 81 5 71 17 31 6 71
20 10 3 15 68 6 55 18 13 8 83 11 13 17 12 2 98 9 86 7 10 12 70 13 59 3 89 1 74 5 83 20 30 4 56 16 99 19 68 14 67
20 7 35 20 74 15 59 14 17 12 56 9 64 6 67 5 77 13 84 3 10 10 35 1 79 11 12 17 91 19 36 18 84 8 1 2 41 4 98 16 81
20 5 32 3 10 12 39 13 58 15 24 9 56 18 83 1 77 10 78 19 99 20 95 4 67 6 81 14 15 17 5 7 35 2 10 11 24 16 97 8 44
20 9 55 10 41 18 99 3 27 20 94 15 12 14 33 5 3 1 71 12 5 16 88 7 25 6 66 4 80 2 39 17 90 8 79 13 56 19 60 11 5
20 17 69 13 41 3 25 1 82 2 32 4 70 14 38 5 22 15 95 10 98 6 6 12 64 16 52 9 46 20 71 18 41 19 40 7 35 11 22 8 33
20 20 14 15 38 3 32 17 38 18 64 6 67 9 13 13 74 7 74 4 67 14 39 11 53 8 55 12 15 10 93 2 37 1 7 16 53 5 54 19 39
20 18 84 19 77 8 6 2 45 4 91 10 77 7 12 17 96 15 24 13 90 12 54 1 52 6 49 3 97 5 80 9 84 14 44 16 37 20 79 11 5
20 5 69 10 28 14 32 7 68 6 59 9 23 3 86 17 54 8 41 1 80 13 57 12 45 19 19 18 38 20 89 2 21 4 5 15 64 11 65 16 16
20 5 57 7 47 10 1 12 79 9 9 11 66 14 84 8 21 6 35 3 97 1 83 4 45 15 18 13 21 20 19 2 37 17 93 18 83 19 46 16 54
20 7 46 1 12 5 44 13 75 20 32 12 15 3 49 17 4 2 29 18 76 9 65 16 39 19 73 15 54 10 63 8 78 6 18 11 91 4 3 14 93
20 10 98 15 7 3 47 19 56 16 37 9 3 18 17 1 94 6 9 17 19 12 91 5 58 11 8 14 32 4 60 7 5 8 64 13 3 20 56 2 98
20 3 93 10 63 8 40 7 88 15 20 18 11 12 16 13 55 19 61 9 81 2 17 11 16 5 45 17 46 14 85 16 89 20 1 6 22 1 59 4 55
20 8 76 19 86 1 83 11 26 18 4 3 61 13 72 5 81 4 44 20 48 9 17 14 72 2 14 12 46 15 46 7 80 10 74 17 11 16 57 6 2
20 2 13 17 49 18 76 9 41 10 3 12 13 4 95 3 98 7 29 8 48 19 60 6 67 20 28 16 64 5 36 13 47 15 78 11 83 1 32 14 88
20 4 58 11 74 15 41 20 75 13 45 12 19 1 51 5 39 9 94 14 41 8 62 10 75 16 36 2 5 17 80 6 47 18 36 7 23 3 6 19 3
20 16 92 2 64 9 1 6 65 18 2 3 87 12 45 19 73 17 30 20 67 13 68 7 33 4 35 15 65 11 50 10 93 5 36 14 18 8 39 1 54
20 6 40 3 11 14 8 15 29 16 26 11 65 17 26 9 17 20 52 18 24 2 87 1 67 8 88 5 83 7 36 13 30 12 97 10 19 19 97 4 68
20 16 64 1 61 8 59 17 65 10 93 20 80 6 83 13 5 3 50 2 42 18 49 14 69 19 86 7 14 4 84 11 41 9 31 12 67 5 88 15 20
20 16 45 7 22 4 2 3 83 9 61 19 55 6 85 20 72 12 37 10 56 1 73 14 65 17 19 2 42 18 51 11 88 15 2 13 1 5 1 8 30
20 11 74 13 28 20 87 19 91 9 68 3 27 2 42 1 99 7 7 5 23 6 27 17 16 16 86 15 61 14 28 10 62 8 87 18 72 4 93 12 67
20 12 77 17 20 18 53 2 52 1 14 10 57 5 2 4 78 7 63 11 12 19 10 15 1 8 59 6 1 9 67 13 53 16 76 3 17 14 80 20 12
20 5 74 14 86 18 78 7 55 9 75 20 37 13 36 1 49 6 50 17 93 2 52 11 77 8 83 10 29 19 84 3 60 4 92 16 61 15 31 12 3
20 7 76 19 26 11 38 20 61 3 67 1 60 16 40 12 7 5 20 13 7 9 97 2 76 8 18 15 83 18 39 10 64 6 43 4 39 17 79 14 79
20 8 61 20 73 1 91 2 42 4 70 14 73 18 34 3 81 9 19 15 64 5 54 17 96 13 89 6 3 10 55 11 94 12 93 7 24 19 10 16 99
20 3 73 19 10 20 6 1 67 15 22 12 50 14 4 5 29 8 34 6 15 16 46 13 32 18 66 11 28 10 67 4 63 2 60 9 39 17 65 7 19
20 3 94 13 77 18 36 19 97 17 38 6 8 7 71 9 83 16 43 10 86 20 33 14 94 11 30 8 33 5 89 4 37 12 1 15 35 1 94 2 32
20 11 24 8 67 17 61 6 41 13 18 1 4 15 91 4 73 2 33 12 96 14 59 19 63 16 40 18 5 10 10 5 45 20 27 9 53 3 24 7 81
20 15 31 9 99 13 14 12 64 20 89 18 43 4 93 11 32 3 32 10 26 1 22 14 33 17 89 19 41 6 40 8 87 7 26 2 98 16 53 5 98

natural:
40895
9 36 56 72 90 101 121 148 169 189 209 225 259 269 285 311 326 346 371 392 404 436 454 472 488 509 524 557 572 590 611 622 648 679 683 719 727 760 772 782 811 828 845 868 886 903 924 959 966 991
2 33 47 66 91 116 138 146 164 191 206 227 257 261 288 308 328 342 362 395 414 435 448 478 497 515 525 556 564 596 616 629 660 671 693 701 734 742 771 790 814 827 844 871 892 904 937 960 969 998
3 32 51 64 87 107 128 155 179 196 204 232 260 276 295 309 330 349 372 390 420 425 453 470 482 504 523 543 574 587 610 627 643 661 686 708 739 746 762 789 804 826 858 876 885 908 921 941 979 989
7 22 58 78 89 105 130 154 175 195 212 240 246 280 283 315 327 356 364 400 409 429 457 479 492 514 526 550 565 597 612 639 655 680 689 707 721 753 780 795 803 839 848 877 898 905 936 956 968 987
6 29 50 73 83 114 139 151 171 192 218 231 250 267 286 319 338 358 379 393 418 438 455 468 481 508 528 559 575 581 601 623 652 673 688 715 728 757 774 799 819 830 847 861 889 911 928 955 976 1000
17 26 43 69 99 115 124 160 174 197 205 238 247 278 281 317 322 354 361 386 411 440 443 467 493 513 531 546 573 585 609 637 649 678 700 712 736 744 761 787 807 831 854 869 897 914 930 946 964 995
11 28 49 76 94 117 133 145 162 200 207 221 245 279 290 310 329 350 373 383 415 424 450 461 496 512 538 549 567 584 602 621 656 664 696 709 738 752 775 794 802 829 849 864 881 918 940 947 980 997
4 23 59 68 98 119 127 150 163 194 217 230 251 277 297 313 324 355 369 389 408 427 445 477 500 517 540 553 563 589 608 636 657 663 681 710 731 759 773 783 820 837 853 873 893 901 929 954 962 996
20 39 48 74 82 110 122 159 170 183 202 234 256 275 291 318 332 347 377 388 407 433 449 466 486 501 534 547 576 586 605 631 646 670 691 704 729 743 768 797 805 825 855 865 891 909 938 948 978 982
19 38 52 77 88 102 140 158 166 190 219 239 258 268 289 316 333 353 375 398 410 437 441 471 489 502 530 555 566 582 603 635 641 662 697 705 732 756 778 785 810 836 846 874 896 915 935 950 975 990
1 31 54 61 92 109 131 141 176 187 215 233 253 265 293 314 337 359 366 397 405 428 446 473 498 520 539 552 580 599 606 638 653 672 684 718 722 755 766 796 816 821 850 872 883 916 934 953 961 988
18 21 44 67 96 103 125 157 161 185 214 228 244 271 292 305 334 343 374 385 403 434 451 465 483 510 532 554 571 592 604 626 651 667 694 706 726 747 777 798 809 840 841 880 888 917 926 957 970 984
16 25 46 71 85 112 123 156 167 198 220 224 255 272 287 304 331 357 367 381 401 421 452 469 484 518 522 548 570 591 614 624 658 668 687 716 725 751 776 788 818 822 856 867 890 913 932 942 965 983
15 27 57 80 86 111 134 153 180 181 208 236 242 266 298 301 335 360 378 384 402 423 460 464 494 507 527 551 577 583 607 640 654 675 692 720 730 758 763 792 812 835 859 862 900 906 927 952 971 992
10 30 41 65 84 113 135 147 173 184 203 237 248 264 284 306 323 351 376 387 412 426 442 463 485 506 529 542 569 598 613 634 642 665 695 717 723 754 764 800 817 834 852 879 894 910 925 958 967 981
13 37 60 63 100 106 129 142 172 188 211 229 252 262 282 312 340 341 370 396 406 432 458 480 499 511 533 558 578 600 620 632 645 676 699 714 733 741 765 781 801 833 857 878 887 920 931 949 973 999
14 34 45 62 97 118 126 149 178 186 213 223 249 273 300 320 321 352 380 399 419 439 447 474 495 516 521 544 568 588 617 628 650 674 698 702 735 749 767 784 813 832 842 870 899 912 939 945 963 993
5 40 55 75 93 108 137 144 165 199 210 226 254 263 294 307 325 344 363 394 417 430 444 476 487 503 536 545 561 594 618 630 647 666 685 703 737 745 770 791 815 838 843 863 895 907 933 943 974 986
8 24 53 70 95 104 132 152 168 182 201 222 243 270 299 303 339 348 365 391 413 422 459 475 490 519 537 560 562 593 619 633 644 669 682 711 740 748 779 793 806 824 851 875 882 919 922 944 972 994
12 35 42 79 81 120 136 143 177 193 216 235 241 274 296 302 336 345 368 382 416 431 456 462 491 505 535 541 579 595 615 625 659 677 690 713 724 750 769 786 808 823 860 866 884 902 923 951 977 985

INSA:
3856
101 622 121 404 285 782 903 148 524 966 326 9 346 828 772 488 868 311 509 225 845 209 683 189 72 371 727 991 811 590 648 169 886 392 557 472 454 90 269 572 924 611 36 56 436 959 679 760 719 259
2 701 261 342 146 742 164 362 564 66 904 448 206 525 47 827 771 308 629 288 969 844 790 227 871 671 191 814 328 116 556 693 414 892 395 91 33 478 596 515 138 734 616 435 497 998 257 960 937 660
482 3 941 762 643 543 804 64 523 425 661 504 107 204 627 746 826 587 885 309 87 128 349 789 708 610 390 686 989 372 921 155 470 453 908 330 51 32 295 574 858 232 876 276 196 420 979 179 260 739
803 283 721 105 246 22 7 565 905 968 526 409 707 364 130 550 987 848 327 154 89 429 689 492 753 639 795 315 514 212 175 655 457 78 479 612 195 356 877 58 956 597 898 680 839 280 936 780 400 240
481 861 623 6 83 581 601 286 151 508 267 528 468 847 830 50 250 73 29 774 114 673 688 171 192 819 728 889 393 559 652 455 955 715 911 928 231 319 379 976 757 418 575 338 139 218 358 438 799 1000
281 361 322 761 443 43 744 964 247 807 585 205 124 546 467 26 386 787 609 946 69 869 411 531 831 637 115 649 995 17 513 712 174 854 317 573 354 930 897 493 914 678 278 99 197 238 736 700 160 440
621 802 461 145 221 162 424 245 383 602 584 881 864 207 11 664 567 549 310 450 829 28 947 49 350 290 709 133 373 76 512 329 752 794 849 775 117 415 94 696 997 496 656 980 279 918 538 738 200 940
901 4 681 962 163 563 324 445 783 23 663 150 408 127 608 68 369 389 773 589 710 636 427 553 313 873 820 853 251 893 954 194 477 731 230 119 929 355 996 837 59 297 217 98 277 759 657 517 540 500
501 82 202 122 743 982 805 704 768 486 466 586 825 407 605 547 449 865 183 347 631 48 388 646 110 948 670 291 74 170 909 691 891 332 377 729 855 318 433 534 234 978 20 576 275 797 39 256 159 938
641 441 102 502 582 705 603 662 785 566 166 810 289 410 88 489 846 530 635 190 990 950 268 375 77 158 555 471 874 316 333 52 836 896 732 353 697 756 975 915 19 778 398 38 437 935 140 258 219 239
1 141 61 961 821 265 766 446 405 883 606 722 109 366 131 187 684 988 552 872 672 293 428 816 638 314 850 473 953 31 653 92 54 176 755 397 233 337 215 253 796 498 934 916 718 599 359 539 580 520
403 483 161 103 244 21 984 706 626 465 44 343 604 305 125 385 809 67 667 841 747 451 185 970 726 510 228 292 374 532 157 554 592 888 18 651 571 694 334 214 926 96 271 434 777 957 798 917 840 880
401 421 381 484 942 522 624 983 822 123 965 85 46 304 287 25 548 867 788 668 224 367 71 167 725 112 452 687 469 570 156 751 16 591 818 890 331 776 856 913 614 357 932 716 272 255 658 198 518 220
402 763 242 423 181 301 583 464 862 266 86 384 607 27 507 208 527 153 551 111 134 992 812 906 15 792 952 692 971 654 835 730 335 675 378 927 859 640 57 494 236 758 80 298 577 180 460 900 360 720
41 981 642 542 442 764 323 284 203 264 65 463 485 84 147 967 10 306 248 665 184 506 723 387 569 529 634 412 113 426 135 351 376 30 817 173 852 754 834 894 910 925 695 613 958 598 717 237 879 800
341 801 142 741 282 262 63 765 781 106 406 645 632 129 13 370 188 949 511 312 229 533 172 887 211 558 833 432 396 714 857 252 37 733 973 676 931 480 458 60 999 340 699 578 100 600 878 620 499 920
321 702 521 62 544 963 767 447 45 149 784 628 588 126 945 568 842 223 186 249 14 870 749 813 993 650 832 674 474 213 118 34 352 912 97 516 698 495 617 735 419 899 273 399 178 320 300 380 439 939
144 5 561 703 263 545 503 444 745 363 165 325 863 770 344 943 307 487 666 108 630 843 986 226 685 647 791 75 294 137 815 907 210 594 430 394 476 895 93 417 55 974 933 838 618 254 536 199 737 40
201 422 243 104 644 562 806 824 882 303 8 24 182 944 682 222 348 152 365 748 633 669 70 132 168 391 490 922 994 711 793 593 413 851 875 475 53 270 95 972 560 339 779 619 459 299 537 919 519 740
541 81 241 143 42 902 462 382 625 823 769 302 985 884 345 808 786 866 505 12 368 724 750 136 491 923 951 690 595 431 713 193 456 416 35 336 296 615 235 977 677 535 79 216 177 274 860 120 659 579

