50 20 1000
20 10 62 7 3 4 77 3 45 8 42 2 77 16 42 18 78 1 20 19 81 5 39 12 91 6 13 14 53 20 30 11 95 9 82 17 70 13 37 15 55
20 3 56 7 90 14 21 15 43 9 12 19 94 8 81 12 58 10 20 20 83 2 41 16 84 18 16 6 6 13 64 17 63 1 16 5 12 11 93 4 39
20 11 95 12 15 5 51 20 53 10 67 13 53 19 26 18 40 3 13 17 39 8 59 4 90 14 45 7 36 16 33 6 76 15 13 1 72 2 42 9 56
20 10 51 1 82 14 63 3 66 4 21 8 66 5 72 7 35 17 74 11 60 18 92 16 28 9 89 13 58 20 38 19 14 6 89 2 17 12 88 15 14
20 12 25 10 38 6 10 7 71 11 80 20 41 18 76 2 92 16 86 17 33 15 42 5 90 3 18 1 17 13 91 19 24 8 96 14 82 4 77 9 83
20 5 48 9 21 10 71 4 94 16 64 20 67 13 21 18 2 1 58 14 38 7 12 11 11 6 63 15 27 12 92 3 64 19 9 8 50 17 55 2 15
20 5 33 3 99 11 49 20 66 2 77 17 88 16 42 9 8 1 64 6 2 8 86 19 72 10 26 18 86 13 51 15 1 4 40 14 33 12 74 7 6
20 11 45 10 83 3 54 8 19 6 70 12 16 4 74 19 27 13 84 14 13 9 6 5 97 20 47 17 87 16 31 7 34 15 37 2 76 18 31 1 37
20 17 62 5 96 15 7 19 84 7 70 20 31 12 35 16 37 9 99 18 64 13 53 1 39 2 67 10 20 3 15 11 53 4 83 8 25 6 65 14 78
20 13 96 7 24 3 88 12 61 4 10 6 77 16 46 8 49 11 91 2 41 19 37 9 69 1 37 20 85 5 14 18 34 17 83 10 30 15 37 14 4
20 6 29 19 44 13 55 11 51 18 49 15 43 7 1 8 32 9 99 17 49 4 84 2 53 14 57 5 40 10 10 12 58 20 78 1 27 3 34 16 32
20 17 5 15 97 4 37 3 63 8 66 11 40 2 95 14 51 12 8 20 35 1 63 10 17 5 88 6 15 7 33 19 11 18 10 9 84 13 55 16 28
20 7 20 1 7 10 23 6 24 15 11 19 38 4 56 9 73 12 22 3 29 5 12 17 86 13 1 20 23 14 6 16 45 18 70 8 25 2 1 11 79
20 2 58 11 62 15 55 8 79 1 55 7 27 6 77 19 13 13 53 3 31 14 11 16 81 17 7 12 94 10 11 18 84 5 5 20 67 4 19 9 24
20 9 74 4 26 20 90 14 73 19 28 6 16 17 30 7 69 12 43 8 48 11 67 3 91 1 3 13 1 18 93 15 52 16 41 5 31 2 54 10 57
20 10 58 7 1 5 92 1 83 19 99 15 64 3 7 20 22 4 29 6 48 18 70 8 69 14 60 2 51 17 59 12 19 9 25 13 67 11 67 16 71
20 16 5 11 46 5 19 12 67 1 41 17 8 6 51 8 11 3 67 19 68 14 46 20 16 2 18 4 12 13 11 15 11 7 67 10 2 9 5 18 99
20 12 47 7 35 2 57 10 69 16 99 1 16 17 91 11 36 9 14 4 58 14 10 6 91 8 64 18 44 19 79 13 66 3 31 5 10 20 56 15 7
20 18 45 17 3 1 57 15 44 7 34 14 27 19 74 8 88 5 32 20 4 2 98 4 25 9 7 16 73 13 46 12 14 3 66 10 87 6 55 11 6
20 6 66 4 28 19 4 1 69 8 44 3 58 12 86 7 64 9 16 5 19 2 9 15 25 17 26 10 64 13 45 16 10 11 95 18 99 20 46 14 79
20 20 30 14 9 13 37 3 85 12 69 19 22 18 23 16 97 7 50 17 36 11 12 10 10 8 43 2 1 4 33 5 7 15 15 9 45 1 28 6 3
20 15 44 7 59 8 92 2 31 14 69 12 53 3 63 4 94 13 74 5 53 1 67 9 24 17 9 18 31 6 84 11 50 20 19 19 78 10 3 16 39
20 16 46 13 11 6 59 10 27 2 79 14 86 15 51 8 47 5 22 7 16 12 24 1 80 4 5 17 57 18 79 20 42 11 46 3 99 9 49 19 54
20 15 18 4 37 1 18 19 76 20 30 9 88 5 69 10 19 14 29 12 41 13 58 11 8 7 37 2 17 8 23 16 94 18 92 3 1 17 79 6 34
20 19 29 17 85 11 91 2 43 5 65 3 6 20 69 10 4 9 94 13 72 1 76 6 83 14 21 7 45 18 10 8 84 4 50 12 74 16 39 15 55
20 6 67 18 76 11 91 5 69 1 13 10 72 19 98 9 16 12 79 4 38 17 76 16 70 20 30 8 85 15 93 13 39 14 3 2 39 7 88 3 87
20 10 90 19 78 20 61 5 61 1 34 9 4 18 52 13 59 14 20 11 29 17 6 15 60 2 93 7 95 3 55 12 12 4 92 8 22 16 2 6 91
20 17 63 1 85 13 76 9 72 2 40 14 42 11 4 4 66 20 63 7 81 10 8 19 61 5 33 3 98 8 94 16 98 6 35 18 90 15 59 12 27
20 5 95 13 5 15 91 8 1 19 52 18 87 1 56 7 83 2 54 10 15 9 55 12 10 20 20 4 73 11 59 14 30 3 14 17 6 6 48 16 28
20 5 3 4 93 9 12 2 66 18 19 10 85 15 66 12 96 6 74 16 73 11 21 17 62 19 91 14 97 3 61 1 62 7 95 20 13 8 33 13 62
20 7 54 8 68 12 44 13 4 6 62 20 86 10 85 19 42 11 55 2 69 9 67 18 71 4 79 1 66 14 1 15 12 5 66 3 94 17 41 16 43
20 19 23 16 25 18 21 13 15 17 64 20 6 11 96 9 68 15 58 10 75 4 66 2 57 7 85 12 56 3 24 1 34 8 64 6 1 14 82 5 71
20 4 42 17 97 20 65 14 51 12 1 10 16 13 74 5 54 6 87 16 38 3 48 11 54 15 44 9 51 1 48 18 74 7 82 8 59 2 46 19 60
20 6 60 3 50 14 86 18 7 17 10 13 12 12 50 9 67 10 65 2 41 4 47 11 59 16 43 20 1 15 97 19 67 8 81 7 34 5 27 1 39
20 3 7 15 52 8 81 1 58 12 4 19 53 7 86 11 32 17 54 5 38 10 71 20 43 13 58 2 56 16 63 14 73 9 54 4 56 18 34 6 35
20 10 99 19 31 18 90 12 67 16 73 17 74 7 69 20 29 2 92 3 86 11 90 6 72 15 5 13 21 14 11 5 3 4 3 9 29 8 27 1 39
20 5 75 15 71 19 89 8 31 7 39 14 70 6 5 10 60 1 13 4 32 12 22 13 1 3 56 18 53 2 84 11 47 16 91 20 85 17 14 9 10
20 6 56 9 94 18 47 10 81 11 21 17 84 14 98 8 5 3 76 7 6 19 62 20 40 16 58 1 18 15 97 5 89 13 18 12 48 2 44 4 48
20 19 45 9 55 10 13 4 15 17 96 11 19 12 18 5 5 18 62 1 76 13 61 2 14 7 22 16 23 8 3 20 80 3 92 15 86 14 87 6 23
20 2 10 12 70 16 5 8 38 17 42 5 64 4 99 1 28 14 30 11 82 7 92 10 64 15 36 6 56 3 11 9 78 18 2 13 18 20 32 19 54
20 12 88 7 82 14 27 10 53 8 42 1 53 16 6 17 80 9 55 5 95 13 83 6 66 15 11 11 69 2 89 3 79 19 50 18 7 4 31 20 46
20 14 30 16 6 4 64 19 33 15 41 2 35 12 92 17 65 9 54 8 68 10 52 1 13 5 6 7 36 13 75 18 59 3 41 11 97 20 24 6 77
20 13 70 4 46 10 32 6 34 14 67 20 10 5 32 18 32 19 5 7 4 15 41 12 13 2 24 9 13 8 14 17 85 16 36 3 18 1 1 11 23
20 6 43 5 33 18 16 10 91 4 87 17 5 11 74 3 43 1 81 14 23 15 54 12 83 13 5 7 68 2 45 8 85 19 7 16 44 9 90 20 97
20 9 64 19 98 17 47 20 16 5 76 11 50 14 61 4 62 15 88 16 37 3 89 6 18 7 38 18 10 2 1 12 36 10 10 1 41 8 52 13 55
20 15 78 2 89 6 76 18 50 16 89 7 68 13 48 11 1 4 77 8 99 10 46 19 50 12 81 5 18 14 60 9 65 17 37 1 8 20 47 3 31
20 16 56 11 65 10 15 4 13 3 40 9 46 13 74 20 34 18 1 1 56 14 2 5 96 17 12 7 17 2 20 6 19 15 46 8 97 19 75 12 73
20 11 11 2 86 4 80 8 8 15 72 1 15 6 8 12 77 16 24 13 78 5 53 18 29 17 13 7 66 14 64 10 58 20 19 9 18 19 45 3 5
20 13 97 18 73 19 13 3 34 12 5 10 84 11 60 1 22 16 40 6 3 20 8 8 64 9 23 17 66 7 3 14 35 4 61 2 7 15 32 5 44
20 1 33 8 16 10 52 19 72 20 54 15 67 7 71 9 41 2 55 5 32 18 41 13 27 11 54 14 72 17 1 3 14 6 5 12 13 4 85 16 20

natural:
40082
9 37 58 62 94 109 129 160 172 193 218 231 242 265 293 304 325 346 363 384 419 431 452 463 491 505 525 542 567 596 614 636 655 680 684 720 729 754 770 788 806 832 859 869 898 918 930 946 968 981
6 31 59 78 88 120 125 158 173 190 212 227 259 261 299 314 333 343 371 391 414 424 445 474 484 518 533 545 569 584 610 632 659 670 694 709 735 759 772 781 815 826 853 875 895 902 935 942 978 989
4 21 49 64 93 116 122 143 175 183 219 224 250 270 292 307 329 357 377 386 404 427 458 478 486 520 535 554 577 595 618 635 651 662 681 710 733 749 777 795 816 837 858 868 891 920 925 960 964 996
3 40 52 65 99 104 137 147 177 185 211 223 247 279 282 309 334 350 372 382 415 428 453 462 497 510 537 548 574 582 613 631 641 671 698 717 730 760 764 787 819 823 842 865 888 909 924 943 977 999
11 38 43 67 92 101 121 152 162 195 214 233 251 277 298 303 323 358 369 390 416 430 449 467 485 504 524 553 561 581 617 640 648 679 690 716 721 756 768 786 810 833 847 862 885 914 932 951 980 990
13 34 56 77 83 113 130 145 179 186 201 234 244 267 286 310 327 352 379 381 420 435 443 480 492 501 540 557 579 589 605 638 649 661 700 712 727 741 780 794 812 840 844 861 892 903 936 947 970 997
2 22 54 68 84 111 140 156 165 182 207 235 241 266 288 302 337 342 365 388 409 422 450 473 494 519 534 550 568 597 601 633 657 678 687 707 725 750 773 791 802 834 850 874 893 906 934 954 975 987
5 27 51 66 97 118 131 144 178 188 208 225 258 264 290 312 328 353 368 385 413 423 448 475 496 514 538 555 564 599 602 637 658 677 683 719 724 748 775 784 805 830 855 876 899 910 938 944 972 982
17 25 60 73 100 102 128 151 169 192 209 238 248 280 281 317 339 349 373 389 418 432 459 466 489 508 526 544 571 583 611 628 654 668 697 718 740 742 762 796 809 829 854 879 881 916 926 958 973 988
1 29 45 61 82 103 133 142 174 198 215 232 243 275 300 301 338 344 378 394 412 439 444 468 488 506 521 551 570 586 607 630 646 669 691 701 728 744 763 792 804 831 843 864 897 911 923 956 966 983
16 39 41 70 85 112 123 141 176 189 204 226 260 262 291 319 322 348 380 397 411 436 457 472 483 503 530 547 575 591 609 627 652 672 688 711 736 745 766 790 814 838 860 867 886 908 922 941 967 993
12 28 42 79 81 115 139 146 167 184 216 229 249 274 289 316 324 341 376 387 405 426 451 470 498 509 536 560 572 588 603 634 645 667 685 704 731 758 767 782 801 827 852 872 896 913 940 948 965 998
19 35 46 74 95 107 135 149 171 181 203 239 253 269 294 318 335 356 375 395 403 429 442 471 490 516 528 543 562 600 604 624 647 666 693 714 732 757 771 798 811 835 841 873 900 907 927 950 961 992
14 23 53 63 98 110 138 150 180 200 213 228 255 271 284 313 331 351 366 400 402 425 446 469 493 517 529 546 576 594 615 639 644 663 696 715 726 747 779 789 803 821 845 870 887 915 931 955 976 994
20 24 57 80 91 114 136 157 163 199 206 222 245 263 296 306 336 360 364 392 417 421 447 461 500 515 532 559 563 587 616 629 653 675 682 713 722 755 778 793 813 825 851 871 889 901 937 945 979 986
7 32 55 72 89 105 127 155 168 187 220 240 256 272 297 320 321 345 374 396 408 440 441 476 499 512 539 556 580 590 620 622 650 673 695 705 737 753 774 783 807 822 857 878 890 905 921 949 969 1000
18 36 50 69 90 119 126 154 161 197 210 221 252 273 287 315 326 347 362 393 410 433 454 479 482 511 531 541 578 592 619 625 642 665 689 706 739 746 765 785 808 828 856 866 883 917 933 953 974 995
8 33 48 71 87 108 134 159 170 196 205 237 257 276 295 311 340 354 361 398 407 434 455 477 495 502 527 558 566 585 612 623 656 664 699 703 734 743 769 797 818 836 848 863 894 904 929 952 962 991
10 26 47 76 96 117 132 148 164 191 202 236 246 268 285 305 330 355 367 383 406 438 460 464 481 507 522 552 565 593 608 621 660 676 686 702 723 751 761 800 817 824 849 877 882 912 939 959 963 984
15 30 44 75 86 106 124 153 166 194 217 230 254 278 283 308 332 359 370 399 401 437 456 465 487 513 523 549 573 598 606 626 643 674 692 708 738 752 776 799 820 839 846 880 884 919 928 957 971 985

INSA:
3203
981 242 363 542 62 463 265 384 505 684 304 946 770 930 806 129 832 491 9 788 325 346 452 655 729 525 567 109 869 431 94 293 172 193 231 636 968 596 754 614 218 58 898 37 859 918 419 160 720 680
261 781 902 343 942 584 826 545 125 484 445 424 6 190 88 989 935 227 371 391 610 670 709 569 212 772 853 735 414 694 31 632 333 173 533 314 474 815 875 895 78 259 59 158 518 759 659 978 299 120
681 21 122 183 404 925 224 143 64 386 662 486 4 964 651 270 292 427 554 733 49 868 329 307 837 996 93 749 250 710 595 377 891 175 635 795 858 777 816 960 219 535 577 116 458 478 357 618 920 520
641 462 582 282 823 842 185 3 924 223 764 382 104 943 65 548 147 247 865 909 787 428 453 372 730 888 211 510 671 309 497 350 631 415 52 613 334 999 177 574 698 137 279 819 537 717 99 977 760 40
581 121 721 101 303 43 162 504 561 862 323 485 768 648 67 786 369 932 833 885 847 449 990 810 553 524 390 690 951 467 92 11 430 152 251 416 214 914 233 195 277 617 756 38 716 640 358 298 679 980
201 741 501 83 443 661 381 903 244 286 186 861 145 267 947 649 605 844 589 130 727 492 936 327 113 812 310 13 997 352 435 794 34 892 56 638 234 970 77 179 379 700 712 579 557 840 420 480 780 540
241 422 182 342 302 601 22 2 84 802 365 207 288 266 906 987 725 550 68 834 165 934 450 687 388 707 494 568 111 850 409 773 954 750 791 633 54 337 156 473 874 534 893 235 657 597 975 519 678 140
982 683 784 423 264 602 225 144 208 385 944 805 188 66 368 564 5 724 830 290 27 448 131 910 328 938 555 748 496 413 775 855 51 312 514 97 353 637 475 178 972 876 258 899 658 538 677 719 118 599
881 281 102 762 583 742 544 926 25 466 209 829 128 489 988 809 151 654 668 389 508 628 526 373 192 169 611 349 248 854 432 418 73 571 339 796 697 958 317 17 973 916 280 238 879 718 459 740 60 100
61 82 301 983 701 763 1 923 243 103 142 344 804 646 444 521 586 843 864 488 506 831 551 744 607 728 45 669 29 691 468 630 394 412 911 570 133 792 275 966 174 956 232 338 215 378 897 198 439 300
41 262 141 123 922 941 503 204 483 322 85 766 547 627 189 908 226 291 652 745 70 688 886 609 591 867 993 112 790 348 411 530 672 457 397 814 436 967 472 176 16 736 711 575 838 380 860 319 39 260
81 341 801 782 42 184 704 827 645 603 289 405 767 685 146 387 588 948 426 667 324 451 167 965 28 229 731 509 470 852 12 249 998 274 376 872 913 634 572 115 216 316 896 536 498 758 79 139 940 560
181 442 203 841 403 543 624 961 562 647 927 604 907 269 666 149 490 835 950 811 46 107 732 992 429 528 771 395 693 171 375 294 95 253 873 335 471 74 798 35 318 135 516 356 757 714 19 900 239 600
821 402 63 23 284 803 644 366 546 663 446 931 425 726 845 271 150 789 493 228 887 747 110 469 994 529 870 594 351 14 331 955 213 53 255 313 696 915 98 615 180 576 138 517 639 715 976 779 200 400
461 421 901 682 722 263 222 825 245 364 24 206 986 945 563 587 163 447 653 937 392 91 629 306 851 889 871 813 114 417 532 793 336 675 296 157 57 755 616 515 136 778 713 199 500 20 979 559 360 80
441 822 921 783 321 622 187 905 705 127 650 807 7 105 949 345 168 89 590 272 408 72 374 774 396 890 512 673 857 32 695 155 55 1000 256 753 969 476 737 878 556 580 499 539 220 297 440 240 320 620
161 362 541 221 482 883 642 625 287 765 785 828 126 665 210 706 808 866 933 69 746 326 689 454 90 393 592 953 347 50 995 410 511 531 273 433 856 252 154 315 36 197 974 578 18 917 479 739 619 119
361 502 703 623 904 205 585 962 863 769 929 664 407 87 743 8 566 836 991 71 656 108 48 952 527 495 848 734 455 170 311 434 612 295 33 276 134 797 257 354 196 699 894 398 237 818 477 159 558 340
481 761 202 882 984 702 824 621 246 285 383 464 367 963 723 406 26 268 522 148 565 164 686 305 552 608 507 191 47 10 593 849 132 330 912 751 96 676 76 939 959 355 877 817 236 800 438 117 660 460
401 283 985 643 124 884 626 465 44 928 86 487 549 606 370 846 166 106 523 708 230 692 308 456 30 513 752 153 332 674 254 15 776 194 75 573 957 799 971 217 278 437 399 839 820 598 738 919 359 880

