20 15 300
15 3 55 6 66 2 48 9 59 4 8 5 21 15 64 8 7 11 80 14 5 12 59 10 8 13 91 7 11 1 81
15 15 86 9 76 13 40 5 76 12 9 4 23 7 80 10 51 1 46 11 48 2 68 14 51 3 15 8 5 6 82
15 8 84 13 97 2 26 9 70 3 33 11 31 4 20 12 39 14 42 15 33 6 70 7 84 1 23 10 54 5 55
15 2 60 9 82 6 14 12 36 8 22 7 21 4 3 3 11 5 82 10 92 13 52 14 85 1 77 15 3 11 89
15 9 83 5 33 13 15 2 36 4 96 15 99 3 81 10 24 14 59 7 89 6 11 11 13 12 26 8 91 1 87
15 3 51 15 20 11 89 8 99 4 95 1 41 2 7 14 67 10 77 7 45 12 74 13 91 5 87 6 1 9 55
15 1 35 5 71 14 47 2 34 9 77 11 68 12 85 7 27 10 2 3 99 6 9 13 18 8 28 4 33 15 92
15 13 76 3 58 12 37 10 28 9 80 11 96 14 97 5 92 6 84 15 68 7 1 4 86 2 33 8 66 1 20
15 8 17 4 11 5 18 6 90 14 57 1 95 12 17 11 33 10 61 2 49 9 36 7 38 13 62 15 73 3 25
15 8 82 15 84 13 87 7 44 6 96 10 64 11 68 1 57 4 65 5 89 3 42 2 77 9 43 14 76 12 38
15 1 54 10 66 14 8 8 48 7 84 4 15 12 93 9 94 11 57 5 16 3 64 2 13 15 62 13 63 6 53
15 15 21 11 70 4 42 13 29 6 83 8 5 5 16 7 76 2 67 3 46 1 67 14 83 10 46 12 29 9 26
15 12 96 11 42 6 49 2 54 4 58 14 8 10 41 8 14 9 35 15 9 1 74 3 16 7 50 13 69 5 45
15 8 69 7 90 14 17 11 18 4 45 2 48 6 31 12 29 5 27 9 85 1 71 13 92 10 20 3 11 15 86
15 3 41 5 24 15 82 6 50 1 24 8 75 11 34 13 80 2 71 10 54 4 5 9 42 7 8 14 35 12 93
15 6 63 15 4 13 85 8 53 4 61 14 54 1 16 10 18 11 5 7 43 2 24 3 88 9 67 5 79 12 41
15 15 17 9 37 2 56 11 70 12 56 13 24 8 95 1 12 4 96 3 27 10 55 14 36 6 41 7 65 5 23
15 6 79 3 6 11 89 4 69 13 16 5 56 7 81 12 98 1 12 14 19 9 88 15 3 8 36 2 67 10 74
15 1 38 10 76 11 47 5 21 3 80 7 97 14 35 2 45 4 74 15 92 8 98 9 54 6 91 13 79 12 46
15 3 34 13 56 10 26 9 62 5 82 7 38 11 89 15 33 8 50 6 62 2 39 12 63 4 88 1 13 14 42

natural:
12754
15 24 43 58 75 81 91 120 126 143 151 176 191 206 215 232 248 264 271 299
3 26 33 46 64 82 94 118 130 147 162 174 184 201 219 236 243 269 278 296
1 28 35 53 67 76 100 107 135 146 161 175 192 209 211 237 250 257 275 286
5 21 37 52 65 80 104 117 122 144 156 168 185 200 221 230 249 259 279 298
6 19 45 54 62 88 92 113 123 145 160 172 195 204 212 239 255 261 274 290
2 30 41 48 71 89 101 114 124 140 165 170 183 202 214 226 253 256 283 295
14 22 42 51 70 85 98 116 132 139 155 173 193 197 223 235 254 262 276 291
8 29 31 50 74 79 103 119 121 136 154 171 188 196 216 229 247 268 281 294
4 17 34 47 61 90 95 110 131 148 158 180 189 205 222 238 242 266 282 289
12 23 44 55 68 84 99 109 129 141 152 178 187 208 220 233 251 270 272 288
9 25 36 60 72 78 96 111 128 142 159 167 182 199 217 234 244 258 273 292
11 20 38 49 73 86 97 108 127 150 157 179 181 203 225 240 245 263 285 297
13 18 32 56 63 87 102 106 133 138 164 169 194 207 218 228 246 260 284 287
10 27 39 57 69 83 93 112 125 149 153 177 186 198 224 231 252 265 277 300
7 16 40 59 66 77 105 115 134 137 163 166 190 210 213 227 241 267 280 293

INSA:
1549
271 151 91 126 215 232 81 248 143 206 24 264 191 176 43 58 15 299 75 120
46 64 243 3 94 201 33 278 236 82 130 184 174 219 162 147 296 26 118 269
286 76 1 107 211 257 275 53 67 35 237 100 161 175 146 250 192 209 28 135
122 168 65 200 230 52 5 259 156 80 279 21 185 37 144 249 221 104 117 298
123 62 92 212 274 290 6 54 261 204 172 19 113 160 145 239 45 88 255 195
226 256 2 48 124 214 140 202 170 183 101 114 41 71 295 283 253 165 89 30
197 139 51 155 276 235 262 173 98 132 291 22 85 70 42 223 116 14 193 254
121 136 196 31 154 50 229 79 216 171 8 247 281 188 103 294 74 268 29 119
61 242 47 289 110 4 17 95 34 205 131 158 189 282 238 222 266 148 180 90
272 288 152 109 233 141 129 55 68 99 84 187 12 23 220 251 208 44 178 270
167 78 182 273 199 258 244 111 234 128 217 96 142 36 9 159 292 72 25 60
181 108 49 127 245 203 157 97 20 38 11 263 86 240 73 297 225 179 285 150
106 287 63 228 138 32 169 260 18 246 218 56 133 102 13 207 164 87 284 194
153 198 93 125 231 277 112 83 186 10 69 39 57 265 224 252 177 27 149 300
166 241 77 227 137 16 213 7 66 280 190 40 293 163 115 134 267 210 59 105

