50 15 750
15 8 34 9 91 1 93 15 88 12 59 7 66 6 50 10 53 14 45 2 1 3 68 13 77 5 37 11 61 4 17
15 15 19 1 73 7 15 11 72 2 38 12 52 3 14 10 69 9 19 4 29 5 3 6 48 13 11 8 54 14 28
15 11 59 7 29 4 84 12 4 1 19 6 35 5 22 2 50 14 68 3 28 13 96 15 23 10 74 8 90 9 51
15 12 14 15 86 4 8 1 85 13 49 10 56 11 87 8 2 6 85 7 60 3 97 9 51 5 39 14 34 2 89
15 6 99 8 5 1 39 4 39 11 3 2 73 10 16 12 62 9 29 13 68 14 14 15 38 3 90 7 56 5 32
15 7 23 14 84 2 34 8 77 11 25 1 44 12 45 9 14 10 79 6 90 13 78 15 56 5 37 4 61 3 96
15 15 24 9 15 4 99 10 49 6 66 1 99 2 87 7 11 3 45 8 84 13 20 11 9 5 71 14 50 12 54
15 9 67 14 11 1 97 4 63 11 64 2 33 3 66 15 4 12 89 8 60 6 51 7 13 13 33 10 48 5 70
15 7 56 11 66 2 8 12 92 6 81 5 94 13 5 10 21 3 69 9 61 14 50 15 99 8 49 1 26 4 83
15 5 14 10 38 7 82 11 99 9 77 2 17 8 9 15 21 14 15 6 43 3 39 12 39 13 80 1 19 4 43
15 5 76 2 94 4 34 8 45 14 7 6 83 9 88 11 47 13 22 1 90 7 11 15 6 12 22 3 40 10 51
15 10 72 8 65 11 2 3 38 7 96 13 10 9 58 14 65 15 17 6 75 2 65 1 79 4 83 12 45 5 52
15 4 23 3 35 13 24 5 67 12 65 8 18 6 7 2 68 15 19 11 63 9 18 10 80 14 19 7 23 1 39
15 14 47 15 70 2 38 4 14 3 46 12 48 10 14 9 45 7 31 1 35 13 95 11 75 8 61 6 44 5 71
15 11 26 4 14 3 46 12 1 6 23 10 50 1 27 13 82 9 26 14 7 5 55 8 22 15 21 2 85 7 66
15 3 11 14 84 15 48 12 49 2 19 6 98 4 92 5 42 9 67 13 57 11 40 1 78 7 19 10 52 8 14
15 7 12 12 71 4 17 11 67 5 20 3 41 1 74 15 96 8 87 14 20 2 84 13 77 10 72 9 91 6 37
15 7 12 9 12 11 66 15 2 2 17 6 33 4 30 1 10 10 72 5 6 13 6 12 41 14 39 8 71 3 4
15 11 3 2 89 3 9 6 24 8 80 13 7 14 42 12 85 1 84 10 89 4 40 9 42 5 92 15 91 7 77
15 13 98 5 83 12 65 14 94 10 6 9 96 8 34 11 7 1 49 3 25 4 47 7 8 6 93 15 67 2 50
15 12 52 7 57 1 73 13 45 15 55 8 63 11 99 6 20 3 59 5 90 9 31 14 23 4 99 10 92 2 53
15 15 64 8 4 10 25 2 52 5 72 14 41 6 11 1 99 3 35 13 77 11 89 12 98 7 63 9 59 4 99
15 10 80 6 93 2 64 15 13 3 48 4 47 1 78 12 59 13 58 11 73 5 3 9 28 8 13 14 72 7 9
15 10 24 11 95 4 93 9 48 1 78 6 64 7 26 5 86 13 83 3 41 15 62 2 53 8 35 14 84 12 45
15 15 91 9 86 10 79 6 5 12 85 1 29 13 73 14 9 5 74 8 69 11 23 2 80 7 82 4 34 3 88
15 7 76 11 77 8 2 14 28 13 27 4 27 3 87 12 33 6 41 5 99 2 2 1 44 9 16 15 83 10 91
15 11 96 12 27 10 61 14 42 4 99 8 76 7 87 13 36 1 24 15 21 2 88 5 43 9 89 6 78 3 53
15 6 86 8 72 4 3 15 91 14 33 11 1 9 37 10 39 2 30 13 78 3 52 1 52 5 64 12 88 7 75
15 10 98 11 52 5 99 15 11 9 57 7 40 2 52 3 75 12 23 13 49 14 65 1 1 4 57 8 56 6 92
15 11 82 2 33 5 80 3 23 4 7 13 49 6 24 1 50 10 29 15 38 9 47 8 3 7 53 14 89 12 70
15 4 32 10 62 12 9 6 88 5 58 3 70 15 9 1 66 13 18 2 40 11 33 14 54 9 60 8 92 7 88
15 7 2 3 5 13 35 14 65 5 67 1 58 11 61 2 72 6 60 10 84 15 88 8 23 9 17 12 71 4 13
15 1 65 15 56 12 5 6 94 7 82 8 76 2 29 4 1 5 93 10 66 14 47 11 32 9 42 3 75 13 13
15 14 14 7 86 5 65 12 41 10 3 6 10 3 49 13 26 15 10 11 86 1 1 4 32 8 38 9 48 2 93
15 1 98 2 21 14 61 3 61 5 54 8 71 13 98 4 39 11 14 9 38 12 74 7 2 10 12 6 93 15 85
15 8 93 3 1 5 26 4 57 7 38 10 80 12 43 14 64 11 23 9 88 2 74 15 5 6 16 13 50 1 1
15 2 23 13 55 3 72 6 57 1 46 8 17 14 80 11 44 15 80 5 55 12 75 7 69 10 34 9 44 4 30
15 15 64 5 93 10 55 13 78 3 9 14 24 8 59 2 72 6 30 9 50 12 81 1 7 4 53 7 69 11 3
15 8 63 11 40 3 81 14 33 9 52 1 86 10 2 13 43 4 57 7 36 12 53 5 18 15 22 6 92 2 40
15 6 60 15 79 5 43 3 83 10 76 1 79 8 53 7 72 13 40 4 37 14 66 2 3 11 52 9 33 12 9
15 2 28 14 70 1 7 15 51 3 33 13 57 8 89 10 60 9 64 5 36 12 75 11 49 6 13 7 36 4 65
15 12 74 2 97 1 88 8 27 7 95 15 99 13 17 3 31 6 87 14 34 9 28 11 16 5 16 10 94 4 14
15 11 63 9 47 12 6 10 43 5 48 6 65 1 83 13 98 2 58 15 60 14 12 3 48 8 93 4 77 7 32
15 13 32 14 94 10 71 6 3 2 20 7 45 4 10 3 45 1 6 12 57 9 35 5 76 8 46 11 87 15 25
15 15 45 9 63 10 82 14 23 12 1 11 13 8 50 4 64 5 82 3 55 6 42 1 14 7 35 13 15 2 47
15 10 6 7 6 13 28 11 96 3 2 8 85 2 97 5 90 1 83 6 76 12 65 4 46 14 71 9 42 15 61
15 13 95 3 54 2 46 10 33 7 13 15 71 6 37 9 60 4 50 14 30 12 56 1 10 8 62 11 76 5 57
15 11 96 3 64 12 6 6 90 10 1 1 99 5 86 14 27 8 18 9 56 15 19 4 73 2 76 7 82 13 78
15 7 98 6 69 11 68 10 45 5 17 13 29 4 15 15 81 1 31 3 79 14 54 9 50 8 73 12 2 2 86
15 9 44 1 78 15 31 7 8 5 8 6 15 11 95 13 83 10 3 8 30 14 39 4 92 12 47 3 49 2 45

natural:
30798
3 17 35 49 63 81 96 108 134 149 160 177 195 205 217 237 247 263 279 294 303 323 337 350 366 387 399 417 432 443 458 471 481 506 511 540 545 567 576 591 603 618 637 654 672 684 702 711 729 737
10 20 38 60 66 78 97 111 123 141 152 176 188 198 224 230 251 260 272 300 315 319 333 357 372 386 401 414 427 437 460 473 487 510 512 536 541 563 585 597 601 617 639 650 675 682 693 718 735 750
11 22 40 56 73 90 99 112 129 146 164 169 182 200 213 226 246 270 273 295 309 324 335 355 375 382 405 416 428 439 456 467 494 502 514 527 543 560 573 589 605 623 642 653 670 680 692 707 730 749
15 25 33 48 64 89 93 109 135 150 153 178 181 199 212 232 243 262 281 296 313 330 336 348 374 381 395 408 433 440 451 480 488 507 518 529 555 568 579 595 615 630 644 652 668 687 699 717 727 747
13 26 37 58 75 88 103 120 126 136 151 180 184 210 221 233 245 265 283 287 310 320 341 353 369 385 402 418 423 438 455 470 489 498 515 528 550 557 582 588 610 628 635 657 669 683 705 712 725 740
7 27 36 54 61 85 95 116 125 145 156 175 187 209 215 231 255 261 274 298 308 322 332 351 364 384 404 406 435 442 454 474 484 501 524 538 544 564 584 586 613 624 636 649 671 685 697 709 722 741
6 18 32 55 74 76 98 117 121 138 161 170 194 204 225 238 241 256 285 297 302 328 345 352 373 376 397 420 426 448 465 466 485 497 522 530 552 569 580 593 614 620 645 651 673 677 695 719 721 739
1 29 44 53 62 79 100 115 133 142 154 167 186 208 222 240 249 269 275 292 306 317 343 358 370 378 396 407 434 447 464 477 486 508 516 526 546 562 571 592 607 619 643 658 667 681 703 714 733 745
2 24 45 57 69 83 92 106 130 140 157 172 191 203 219 234 254 257 282 291 311 329 342 349 362 388 403 412 425 446 463 478 493 509 520 535 554 565 575 599 609 626 632 656 662 689 698 715 732 736
8 23 43 51 67 84 94 119 128 137 165 166 192 202 216 239 253 264 280 290 314 318 331 346 363 390 393 413 421 444 452 475 490 500 523 531 553 558 577 590 608 629 634 648 663 676 694 710 724 744
14 19 31 52 65 80 102 110 122 139 158 168 190 207 211 236 244 258 271 293 307 326 340 347 371 377 391 411 422 436 461 472 492 505 519 534 548 570 572 598 612 627 631 659 666 679 704 706 723 742
5 21 34 46 68 82 105 114 124 147 163 179 185 201 214 229 242 267 278 288 301 327 338 360 365 383 392 419 429 450 453 479 483 499 521 532 551 566 581 600 611 616 633 655 665 686 701 708 734 748
12 28 41 50 70 86 101 118 127 148 159 171 183 206 218 235 252 266 276 286 304 325 339 354 367 380 398 415 430 441 459 468 495 503 517 539 542 559 578 594 606 622 638 646 674 678 691 720 726 743
9 30 39 59 71 77 104 107 131 144 155 173 193 196 220 227 250 268 277 289 312 321 344 359 368 379 394 410 431 449 462 469 491 496 513 533 547 561 574 596 602 625 641 647 664 688 700 713 731 746
4 16 42 47 72 87 91 113 132 143 162 174 189 197 223 228 248 259 284 299 305 316 334 356 361 389 400 409 424 445 457 476 482 504 525 537 549 556 583 587 604 621 640 660 661 690 696 716 728 738

INSA:
3266
481 511 17 63 545 303 603 217 35 737 81 108 471 247 205 458 366 49 654 637 3 729 350 576 591 294 443 387 618 567 711 177 432 263 702 672 323 96 279 399 684 506 337 417 160 134 540 195 237 149
541 272 512 601 78 617 123 198 38 188 319 152 650 693 230 111 460 473 414 437 563 66 682 224 386 427 639 176 260 372 141 251 333 20 10 675 536 97 487 401 585 597 718 357 735 300 510 60 750 315
467 213 543 273 182 573 514 169 226 200 382 246 456 707 560 692 605 653 589 680 112 730 527 439 129 40 502 295 428 642 670 309 416 335 22 324 623 11 56 146 355 99 270 73 375 164 90 749 494 405
451 212 181 93 243 33 199 381 64 408 48 109 668 652 348 153 727 699 518 440 529 395 568 296 579 262 178 433 615 336 644 25 717 89 488 232 507 595 281 374 313 747 630 687 555 135 330 480 15 150
136 557 470 635 184 515 455 37 498 245 287 151 588 221 725 423 126 669 369 438 528 550 740 385 320 657 610 120 712 683 353 265 180 88 26 582 310 489 402 233 628 418 283 341 58 103 705 13 75 210
406 61 544 274 215 722 454 36 187 586 125 364 636 649 384 709 332 175 697 156 484 501 564 474 116 741 442 231 351 85 95 261 308 54 7 613 671 322 145 624 27 538 584 298 685 524 209 404 435 255
466 241 76 121 376 721 302 32 497 170 677 204 651 695 138 256 18 739 426 6 117 530 194 225 522 352 448 569 620 297 580 614 673 55 485 397 552 593 373 98 645 465 161 328 74 719 420 238 285 345
571 1 167 62 407 317 275 79 378 186 516 667 546 562 222 306 154 681 526 115 607 292 370 733 53 249 447 619 396 464 142 643 714 703 745 592 477 486 658 29 133 508 269 100 358 434 208 343 44 240
92 632 736 106 662 2 362 172 575 203 219 83 191 412 349 257 656 698 425 291 732 565 520 463 130 446 609 140 388 157 715 535 24 478 626 69 311 554 57 282 234 599 493 509 342 403 329 689 254 45
166 452 421 634 216 318 558 663 676 331 363 202 346 648 137 724 694 94 710 393 413 128 290 590 500 51 84 577 192 608 444 119 475 531 523 67 744 8 264 23 43 253 280 553 490 390 629 165 314 239
271 211 31 631 572 168 706 122 422 377 80 244 666 391 65 723 190 347 110 679 411 472 436 461 548 139 519 307 293 52 371 742 258 19 612 534 158 207 704 326 505 570 627 598 492 340 102 236 659 14
301 242 214 453 633 616 46 34 124 665 185 82 201 383 229 365 708 392 288 278 655 483 114 499 5 566 521 551 429 532 611 701 21 179 581 267 68 450 327 147 338 734 686 163 419 748 360 479 600 105
468 542 646 183 286 276 380 171 691 218 559 304 678 459 726 606 367 50 127 638 517 578 441 415 118 206 41 743 430 252 622 86 674 266 325 159 503 398 28 354 594 70 539 339 101 235 12 148 720 495
496 469 77 513 196 602 107 379 664 574 227 647 220 561 277 173 410 289 155 368 547 394 462 731 39 193 700 131 250 321 641 533 431 713 144 9 449 746 625 268 312 30 596 71 491 359 59 688 104 344
91 556 16 661 316 361 482 197 604 47 189 228 587 457 305 409 174 696 728 113 424 4 549 223 738 248 445 640 259 389 143 42 621 334 476 716 87 132 504 537 400 583 356 72 162 299 284 525 660 690

