15 15 225
15 8 69 12 81 9 81 4 62 13 80 2 3 14 38 1 62 15 54 7 66 10 88 5 82 3 3 11 12 6 88
15 13 83 2 51 12 47 10 15 7 89 4 76 3 52 5 18 6 22 9 85 14 26 15 30 11 5 1 89 8 22
15 2 62 3 47 10 93 1 54 4 38 6 78 9 71 5 96 15 19 11 33 13 44 14 71 8 90 7 9 12 21
15 14 33 11 82 7 80 3 30 15 96 8 31 5 11 12 26 1 41 6 55 10 12 4 10 9 92 2 3 13 75
15 2 36 9 49 5 10 15 43 7 69 6 72 4 19 3 65 10 37 11 57 14 32 8 11 12 73 1 89 13 12
15 6 83 15 32 3 6 13 13 11 87 2 94 12 36 5 76 7 46 10 30 1 56 14 62 9 32 4 52 8 72
15 6 29 3 78 1 21 2 27 9 17 15 43 12 14 11 15 8 16 10 49 7 72 13 19 5 99 14 38 4 64
15 5 12 8 74 11 4 2 3 10 15 9 62 3 50 15 38 12 49 4 25 6 18 7 55 14 5 13 71 1 27
15 15 69 12 13 1 33 10 47 11 86 6 31 4 97 13 48 9 25 14 40 7 94 2 22 8 61 3 59 5 16
15 10 27 1 4 4 35 11 80 13 49 14 46 6 84 2 46 7 96 15 72 9 18 12 23 3 96 8 74 5 23
15 8 36 3 17 2 81 13 67 4 47 15 5 5 51 7 23 6 82 10 35 9 96 14 7 11 54 1 92 12 38
15 1 78 9 58 15 62 13 43 10 1 6 56 7 76 11 49 8 80 12 26 4 79 5 9 2 24 14 24 3 42
15 9 38 13 86 11 38 12 38 15 83 4 36 7 11 2 17 5 99 6 14 1 57 10 64 14 58 3 96 8 17
15 14 10 3 86 12 93 1 63 15 61 11 62 4 75 2 90 13 40 5 77 6 8 7 27 8 96 10 69 9 64
15 2 73 14 12 1 14 12 71 3 3 11 47 5 84 9 84 4 53 6 58 8 95 7 87 10 90 13 68 15 75

natural:
8719
8 29 34 54 74 86 93 120 123 137 164 166 191 199 213
6 17 31 59 61 81 94 109 132 143 153 178 188 203 211
13 22 32 49 68 78 92 112 134 148 152 180 194 197 215
4 21 35 57 67 89 105 115 127 138 155 176 186 202 219
12 23 38 52 63 83 103 106 135 150 157 177 189 205 217
15 24 36 55 66 76 91 116 126 142 159 171 190 206 220
10 20 44 48 65 84 101 117 131 144 158 172 187 207 222
1 30 43 51 72 90 99 107 133 149 151 174 195 208 221
3 25 37 58 62 88 95 111 129 146 161 167 181 210 218
11 19 33 56 69 85 100 110 124 136 160 170 192 209 223
14 28 40 47 70 80 98 108 125 139 163 173 183 201 216
2 18 45 53 73 82 97 114 122 147 165 175 184 198 214
5 16 41 60 75 79 102 119 128 140 154 169 182 204 224
7 26 42 46 71 87 104 118 130 141 162 179 193 196 212
9 27 39 50 64 77 96 113 121 145 156 168 185 200 225

INSA:
1388
166 137 213 123 199 93 34 8 191 86 54 74 164 29 120
61 211 153 31 109 17 94 143 6 188 81 203 132 178 59
197 152 215 32 92 78 68 112 49 148 22 194 134 13 180
138 4 67 155 186 35 127 219 202 21 115 176 57 89 105
63 106 217 157 189 83 38 205 52 23 103 12 177 135 150
91 76 66 171 142 126 36 220 190 159 206 116 24 55 15
65 48 20 187 158 172 144 10 84 101 131 207 222 117 44
1 151 107 99 221 72 174 51 149 133 195 208 43 90 30
181 62 167 3 111 218 95 37 129 146 161 88 25 58 210
136 124 170 110 33 19 69 100 192 85 160 11 56 223 209
47 139 108 183 216 125 80 201 98 173 70 40 163 28 14
122 2 214 198 184 18 97 82 147 114 73 53 175 165 45
16 182 169 140 154 79 5 128 204 102 41 75 119 224 60
196 46 212 141 7 130 71 193 87 162 42 118 26 104 179
121 64 168 77 185 156 200 96 113 9 145 50 39 27 225

