50 15 750
15 11 46 5 43 1 25 7 99 3 90 4 21 13 27 2 17 6 16 12 88 9 64 8 9 15 50 14 55 10 22
15 15 9 6 39 3 58 7 16 4 98 8 58 10 81 9 51 1 10 2 31 14 49 11 65 13 48 12 62 5 51
15 12 54 15 46 3 96 6 46 8 16 14 17 13 72 1 51 4 33 10 91 11 18 5 84 7 87 2 31 9 51
15 7 3 4 94 5 91 10 2 3 50 1 89 13 78 8 5 6 30 12 10 11 22 14 76 2 50 9 45 15 28
15 2 5 11 53 1 57 10 14 6 90 5 8 8 52 13 76 12 59 4 15 14 39 15 40 7 54 9 57 3 52
15 3 31 1 2 9 56 5 64 13 55 10 96 7 6 15 36 14 29 6 57 4 86 2 69 8 54 11 76 12 89
15 1 39 12 7 3 32 14 74 9 90 5 66 11 76 13 53 15 46 8 27 2 83 7 49 4 72 6 22 10 53
15 4 83 3 18 5 86 11 89 7 93 13 63 6 34 14 97 9 84 10 61 15 32 12 48 1 23 2 81 8 61
15 13 32 11 11 2 18 5 54 8 96 10 67 7 73 3 61 4 15 12 67 15 34 6 37 14 65 1 44 9 32
15 13 79 6 23 15 51 8 60 11 9 10 54 7 85 5 88 4 83 9 55 12 87 3 93 14 80 1 72 2 5
15 11 54 6 54 15 54 4 59 3 49 14 68 8 56 5 9 10 23 13 58 12 88 7 82 9 10 1 87 2 54
15 6 72 1 84 15 29 11 59 10 60 7 98 12 41 13 87 9 27 3 31 2 79 14 69 8 64 4 86 5 77
15 2 71 13 61 4 33 6 55 1 83 9 9 12 87 10 19 3 49 5 68 14 4 15 24 8 41 7 49 11 77
15 9 36 12 23 11 36 7 41 6 56 1 68 5 81 2 49 15 45 8 67 13 89 3 60 4 1 14 58 10 28
15 7 43 8 76 2 42 3 59 11 50 15 3 13 26 9 41 10 66 1 52 14 8 5 33 4 40 6 39 12 50
15 2 65 9 30 11 49 5 14 7 64 8 34 14 35 15 66 13 16 6 45 4 36 1 80 3 5 10 2 12 63
15 2 53 1 7 9 34 4 53 13 43 3 85 7 9 5 64 15 92 12 65 11 15 14 1 8 6 10 95 6 82
15 3 11 8 3 15 33 5 62 10 70 11 6 4 3 6 35 7 57 14 76 13 38 12 28 9 78 2 7 1 17
15 7 40 5 55 2 21 13 11 1 58 15 8 4 38 9 19 3 25 8 55 14 39 11 92 12 30 6 94 10 39
15 9 34 1 18 15 99 4 28 8 2 7 41 2 35 14 6 6 70 12 4 13 95 3 59 10 7 5 88 11 71
15 12 39 14 48 8 27 15 27 2 23 13 80 5 35 6 67 4 22 10 85 9 70 11 36 1 43 3 80 7 60
15 13 15 5 22 2 93 14 85 7 9 1 38 6 98 9 25 4 64 11 45 12 96 15 36 8 37 3 46 10 89
15 3 23 10 20 11 46 8 91 12 45 5 67 9 6 1 69 6 82 4 76 7 5 13 71 14 82 15 70 2 72
15 6 36 10 93 4 23 2 13 3 80 13 44 1 95 8 81 15 44 5 44 11 85 12 58 7 62 14 18 9 94
15 6 60 13 68 5 84 12 35 10 92 15 62 9 94 2 89 4 1 3 48 11 36 1 35 8 28 7 37 14 41
15 15 62 11 35 3 62 4 15 1 8 10 18 12 21 13 28 8 72 7 65 2 82 6 16 14 40 9 93 5 41
15 15 12 3 14 10 53 2 20 8 99 6 30 9 48 4 9 5 51 13 12 1 60 7 51 12 80 14 81 11 9
15 9 61 15 62 12 33 8 61 7 73 10 3 13 1 11 19 1 80 5 40 2 16 6 23 4 7 14 82 3 4
15 3 12 13 76 5 95 14 63 15 52 7 60 10 86 4 67 6 26 2 25 1 85 9 12 8 86 12 92 11 73
15 14 57 4 56 2 47 7 98 11 55 12 3 10 29 15 33 1 24 8 92 6 51 13 66 5 38 3 19 9 59
15 4 12 2 54 12 73 7 33 13 23 8 75 11 69 15 93 6 64 14 46 9 44 1 81 3 1 5 78 10 98
15 1 22 3 95 5 28 14 8 6 59 11 63 4 87 12 84 8 22 2 43 15 85 10 99 13 9 7 11 9 79
15 10 2 11 20 13 49 6 32 7 49 15 17 3 71 1 79 8 25 4 78 5 33 2 20 14 84 12 60 9 67
15 5 12 9 45 1 81 12 29 3 41 10 87 8 57 13 68 2 79 11 97 4 16 6 61 14 63 15 25 7 51
15 3 41 15 33 2 80 12 76 1 74 7 3 5 55 4 32 11 20 6 77 13 60 8 62 10 70 9 68 14 91
15 3 96 7 13 10 73 5 16 2 6 1 23 15 88 8 72 4 37 9 33 14 98 11 14 6 81 13 84 12 95
15 8 84 4 47 9 17 14 38 10 11 11 33 12 49 5 9 6 51 2 26 15 99 3 18 7 41 13 28 1 7
15 10 1 8 14 4 34 7 49 5 11 9 78 2 8 12 8 15 68 14 38 13 72 6 70 1 32 3 81 11 86
15 3 93 11 34 1 6 6 99 2 4 4 29 15 24 5 84 13 53 14 17 9 50 8 53 7 24 12 59 10 62
15 5 67 15 75 14 89 1 82 6 39 3 82 11 35 8 58 10 63 2 4 12 64 13 8 4 30 9 53 7 74
15 15 44 4 17 2 26 14 73 6 34 7 38 9 45 5 71 1 16 10 96 3 86 11 30 13 46 8 26 12 7
15 2 45 10 16 6 96 13 68 8 48 1 30 12 79 4 90 15 84 7 48 11 79 3 14 5 42 9 82 14 26
15 3 1 11 62 2 45 12 3 7 7 14 15 13 22 8 71 4 19 9 87 6 55 15 12 10 50 5 10 1 36
15 8 71 13 3 15 61 12 34 10 60 2 72 6 34 14 33 4 69 9 36 5 88 7 1 3 3 11 98 1 90
15 5 84 1 50 3 74 6 16 12 86 14 32 11 2 15 22 7 22 9 73 10 16 8 8 4 64 13 70 2 83
15 10 57 8 22 7 43 11 2 14 10 2 37 9 46 6 89 12 31 15 27 13 47 1 85 4 86 5 81 3 38
15 8 39 6 14 10 64 15 87 5 34 3 33 2 37 1 78 13 84 14 27 7 46 11 93 9 75 12 70 4 9
15 12 25 2 84 1 15 5 59 10 85 3 53 4 29 11 70 6 50 7 93 14 23 15 98 13 2 9 17 8 87
15 8 11 9 7 5 70 15 19 6 13 3 23 11 94 1 2 13 55 7 93 14 77 10 92 12 39 2 33 4 75
15 12 29 7 60 10 27 14 57 8 79 3 67 1 66 4 22 13 27 5 20 15 5 6 43 11 79 2 9 9 85

natural:
29246
3 24 38 51 63 77 91 118 134 149 164 167 185 201 220 237 242 270 275 287 313 321 338 352 372 380 401 414 431 444 462 466 488 498 515 531 555 568 573 589 609 621 645 660 662 687 698 708 728 742
8 25 44 58 61 87 101 119 123 150 165 176 181 203 213 226 241 269 273 292 305 318 345 349 368 386 394 416 430 438 452 475 492 504 513 530 550 562 575 595 603 616 633 651 675 681 697 707 734 749
5 18 33 50 75 76 93 107 128 147 155 175 189 207 214 238 246 256 279 297 314 329 331 350 370 378 392 420 421 449 463 467 487 500 511 526 552 569 571 591 611 627 631 658 663 690 696 711 726 741
6 20 39 47 70 86 103 106 129 144 154 179 183 208 223 236 244 262 277 289 309 324 340 348 369 379 398 418 428 437 451 472 490 506 518 534 542 558 576 598 602 623 639 654 673 688 705 712 735 743
2 30 42 48 66 79 96 108 124 143 158 180 190 202 222 229 248 259 272 299 307 317 336 355 363 390 399 415 423 448 464 468 491 496 517 529 548 560 578 586 608 628 644 656 661 689 695 709 723 745
9 17 34 54 65 85 104 112 132 137 152 166 184 200 224 235 255 263 284 294 308 322 339 346 361 387 396 417 429 446 459 470 484 507 520 538 549 567 574 590 605 618 641 652 664 683 692 714 725 747
4 19 43 46 73 82 102 110 127 142 162 171 194 199 211 230 247 264 271 291 315 320 341 358 374 385 402 410 426 439 454 479 485 510 516 527 553 559 583 600 606 625 635 657 669 678 701 715 730 737
12 21 35 53 67 88 100 120 125 139 157 178 193 205 212 231 253 257 280 290 303 328 334 353 373 384 395 409 433 445 456 474 489 502 522 533 541 557 582 593 614 620 638 646 672 677 691 720 721 740
11 23 45 59 74 78 95 114 135 145 163 174 186 196 218 227 243 268 278 286 311 323 337 360 367 389 397 406 432 450 461 480 495 497 524 535 543 561 581 599 607 629 640 655 670 682 703 719 722 750
15 22 40 49 64 81 105 115 126 141 159 170 188 210 219 239 254 260 285 298 310 330 332 347 365 381 393 411 427 442 465 477 481 501 523 528 545 556 585 594 610 617 643 650 671 676 693 710 732 738
1 27 41 56 62 89 97 109 122 140 151 169 195 198 215 228 251 261 282 300 312 325 333 356 371 377 405 413 435 440 457 471 482 505 519 537 546 570 572 592 612 626 632 659 667 679 702 713 727 748
10 29 31 55 69 90 92 117 130 146 161 172 187 197 225 240 250 267 283 295 301 326 335 357 364 382 403 408 434 441 453 473 494 499 514 540 547 563 584 596 615 622 634 649 665 684 704 706 733 736
7 28 37 52 68 80 98 111 121 136 160 173 182 206 217 234 245 266 274 296 306 316 342 351 362 383 400 412 422 447 455 478 483 503 521 539 554 566 579 597 613 619 637 647 674 686 699 718 729 744
14 26 36 57 71 84 94 113 133 148 156 177 191 209 221 232 252 265 281 293 302 319 343 359 375 388 404 419 424 436 460 469 493 508 525 536 544 565 580 588 604 630 636 653 666 680 700 716 731 739
13 16 32 60 72 83 99 116 131 138 153 168 192 204 216 233 249 258 276 288 304 327 344 354 366 376 391 407 425 443 458 476 486 509 512 532 551 564 577 587 601 624 642 648 668 685 694 717 724 746

INSA:
3176
91 77 287 498 167 708 573 662 63 242 3 275 466 185 621 321 338 352 728 698 380 488 24 742 414 531 589 568 51 201 444 515 609 270 313 118 401 38 462 687 237 431 164 220 372 645 134 660 555 149
616 181 452 633 707 61 349 438 241 273 603 305 318 562 292 513 681 123 697 226 575 530 394 25 651 87 386 416 269 101 749 504 213 550 203 176 595 368 119 58 430 492 8 475 734 165 675 44 150 345
631 256 421 331 392 76 571 107 93 18 526 487 350 511 500 155 696 726 279 663 246 711 378 467 741 189 50 33 569 591 128 175 214 329 5 552 297 463 314 611 627 449 147 207 370 238 658 420 690 75
558 106 451 437 542 348 183 289 47 262 602 154 244 277 20 639 379 712 309 576 743 86 324 673 472 418 144 398 534 129 340 623 236 518 654 506 39 6 428 369 598 490 688 70 179 103 208 223 735 705
496 661 317 272 560 259 79 2 709 108 695 723 336 307 96 586 548 124 158 529 248 229 468 423 363 745 48 415 355 143 608 190 202 578 399 517 66 30 656 448 464 491 628 689 644 42 222 390 299 180
346 17 137 166 484 361 152 692 618 263 184 65 725 605 574 664 294 308 322 85 470 567 112 200 747 714 396 417 387 590 683 34 339 549 235 459 652 54 446 132 520 507 429 538 641 9 104 224 284 255
271 211 559 46 635 485 737 454 19 291 527 439 199 678 606 320 410 264 82 142 247 110 171 230 669 4 385 426 730 127 194 516 701 341 102 358 402 583 625 715 162 657 553 73 315 600 374 43 479 510
557 257 721 691 541 677 303 334 139 290 409 638 456 620 740 646 280 21 157 125 353 384 231 502 395 672 100 88 533 212 35 193 445 593 328 53 253 582 67 489 205 522 178 474 433 373 12 614 120 720
406 497 286 78 543 196 722 243 561 278 95 337 186 682 640 227 607 23 323 268 670 114 174 311 397 145 535 367 750 461 581 655 389 218 360 59 163 432 599 450 703 629 74 135 11 719 524 495 45 480
556 481 332 676 393 347 617 693 545 260 738 141 64 710 170 528 81 411 22 381 159 501 650 126 188 671 310 49 365 442 427 115 610 594 254 40 298 219 732 643 585 523 239 105 477 210 330 285 465 15
482 333 632 151 572 1 62 140 261 546 377 198 169 440 679 109 727 122 457 97 413 228 667 713 282 471 27 325 748 356 251 312 89 592 195 505 519 215 56 537 702 626 41 612 371 659 405 570 435 300
301 92 634 706 736 408 453 499 197 335 563 31 441 547 665 295 622 649 382 267 187 514 172 250 364 161 326 29 357 684 473 117 130 283 55 146 596 584 403 69 90 733 10 240 494 434 225 615 704 540
136 316 483 182 422 637 362 455 619 274 351 306 245 80 647 121 566 412 729 266 383 98 160 111 744 699 173 28 503 296 234 52 37 579 400 686 342 447 217 597 521 68 674 206 7 539 718 613 478 554
436 302 636 94 544 739 604 319 293 680 565 156 265 84 666 469 281 588 26 424 113 700 232 419 388 191 731 36 536 460 653 580 252 359 57 133 177 343 716 508 71 493 221 404 209 148 630 375 14 525
16 391 376 258 407 138 288 486 153 601 694 304 168 276 724 512 564 32 648 83 587 458 249 668 99 354 746 577 425 532 366 233 443 192 116 327 685 131 551 204 216 624 642 72 476 509 60 717 13 344

