30 15 450
15 6 76 12 4 2 98 10 1 7 51 5 92 14 75 4 47 8 35 11 70 13 21 15 20 3 79 9 81 1 63
15 12 71 9 85 5 3 10 45 2 13 3 57 13 26 6 63 11 38 14 91 7 73 8 59 15 74 1 37 4 65
15 10 60 3 74 1 35 14 73 11 49 7 1 12 92 4 5 9 41 15 2 13 95 6 28 8 37 5 78 2 86
15 13 95 2 73 14 23 6 77 15 47 1 24 9 29 12 88 8 69 4 49 5 28 7 66 3 4 11 41 10 3
15 6 28 11 26 13 71 9 81 8 36 3 96 15 95 10 45 14 10 5 55 12 87 1 65 7 54 2 26 4 60
15 5 40 12 36 3 5 15 78 13 63 6 96 11 25 9 86 2 85 7 56 10 25 1 30 14 98 4 78 8 41
15 3 90 4 15 1 89 7 87 15 52 12 59 8 22 6 42 5 46 13 60 14 54 9 87 10 22 2 97 11 1
15 15 51 6 75 7 2 9 86 10 19 11 88 2 20 3 88 5 24 8 42 12 90 4 20 14 29 13 20 1 50
15 14 11 3 96 11 92 1 94 7 78 10 63 9 44 8 8 5 68 15 77 6 52 2 74 4 43 12 10 13 87
15 7 75 2 78 15 27 11 27 8 82 3 91 5 88 12 76 1 37 14 43 10 52 9 71 4 45 6 99 13 70
15 5 47 7 8 8 99 14 85 12 11 9 16 11 24 6 10 4 10 1 12 10 37 3 39 15 38 13 76 2 91
15 6 62 14 98 10 68 3 14 1 57 13 2 15 52 8 36 2 58 11 54 4 99 7 57 12 52 9 90 5 58
15 13 53 7 6 3 65 1 68 11 53 4 66 12 15 5 83 15 80 6 73 8 86 10 57 14 23 9 88 2 37
15 4 73 13 65 5 54 11 95 9 12 8 69 6 4 2 7 7 12 12 82 10 5 15 22 14 15 3 2 1 38
15 11 59 7 49 12 29 6 69 14 79 4 57 2 27 13 62 1 57 15 22 9 29 3 42 8 59 10 20 5 86
15 11 81 14 24 2 55 5 95 12 2 6 94 7 38 8 43 15 15 4 52 9 54 3 66 1 64 13 24 10 29
15 3 20 7 25 6 70 14 6 5 3 11 5 15 73 8 25 1 58 9 36 4 91 13 22 12 61 10 38 2 33
15 15 61 14 20 3 21 2 22 5 22 10 69 12 98 1 12 4 30 13 98 9 28 8 8 7 7 6 51 11 66
15 8 77 1 3 4 11 9 23 3 56 5 30 11 77 2 64 14 52 6 70 7 3 13 97 15 93 12 54 10 15
15 1 1 2 22 12 99 15 34 6 48 3 15 10 9 14 67 9 85 5 41 7 13 11 48 13 7 4 66 8 55
15 13 44 12 94 14 33 11 28 15 23 5 31 9 10 2 15 10 50 4 68 8 7 6 50 1 79 7 76 3 89
15 11 73 1 2 2 76 5 26 15 50 14 93 8 93 10 35 3 64 4 42 12 17 13 26 9 60 6 73 7 57
15 1 79 12 56 9 22 6 39 7 27 10 38 15 14 5 55 3 64 14 99 11 28 8 97 13 7 2 92 4 71
15 13 2 6 3 2 33 8 74 14 69 5 58 9 99 12 79 1 84 11 92 7 98 15 41 10 37 3 12 4 12
15 6 46 9 23 4 48 5 69 14 71 10 9 13 94 11 44 2 1 8 26 1 93 12 54 3 24 7 77 15 44
15 1 83 15 86 4 6 13 61 7 39 11 72 9 1 8 8 10 17 14 60 3 41 2 16 6 21 5 21 12 6
15 9 28 5 59 15 62 8 97 3 52 14 58 12 49 13 83 1 11 6 49 7 24 4 56 10 43 11 34 2 23
15 13 75 3 82 1 75 4 94 6 67 14 15 15 23 2 57 12 4 5 51 9 23 8 40 10 63 7 97 11 20
15 11 14 4 33 3 16 14 14 9 24 7 1 12 20 10 96 1 75 2 36 5 92 8 74 6 13 15 79 13 48
15 6 33 11 89 12 89 5 49 1 58 3 32 4 95 10 64 14 11 9 13 13 43 8 98 7 32 15 56 2 62

natural:
17802
15 29 33 51 72 87 93 120 124 144 160 170 184 210 219 238 249 263 272 286 313 317 331 354 371 376 399 408 429 440
3 20 45 47 74 84 104 112 132 137 165 174 195 203 217 228 255 259 278 287 308 318 344 348 369 387 405 413 430 450
13 21 32 58 66 78 91 113 122 141 162 169 183 209 222 237 241 258 275 291 315 324 339 359 373 386 395 407 423 441
8 30 38 55 75 89 92 117 133 148 159 176 186 196 216 235 251 264 273 299 310 325 345 360 363 378 402 409 422 442
6 18 44 56 70 76 99 114 129 142 151 180 188 198 225 229 245 260 276 295 306 319 338 351 364 389 392 415 431 439
1 23 42 49 61 81 98 107 131 149 158 166 190 202 214 231 243 269 280 290 312 329 334 347 361 388 400 410 433 436
5 26 36 57 73 85 94 108 125 136 152 177 182 204 212 232 242 268 281 296 314 330 335 356 374 380 401 419 426 448
9 27 43 54 65 90 97 115 128 140 153 173 191 201 223 233 248 267 271 300 311 322 342 349 370 383 394 417 432 447
14 17 39 52 64 83 102 109 127 147 156 179 194 200 221 236 250 266 274 294 307 328 333 352 362 382 391 416 425 445
4 19 31 60 68 86 103 110 126 146 161 168 192 206 224 240 254 261 285 292 309 323 336 358 366 384 403 418 428 443
10 24 35 59 62 82 105 111 123 139 157 175 185 199 211 226 246 270 277 297 304 316 341 355 368 381 404 420 421 437
2 16 37 53 71 77 96 116 134 143 155 178 187 205 213 230 253 262 284 288 302 326 332 353 372 390 397 414 427 438
11 22 41 46 63 80 100 119 135 150 164 171 181 197 218 239 252 265 282 298 301 327 343 346 367 379 398 406 435 446
7 25 34 48 69 88 101 118 121 145 154 167 193 208 215 227 244 257 279 293 303 321 340 350 365 385 396 411 424 444
12 28 40 50 67 79 95 106 130 138 163 172 189 207 220 234 247 256 283 289 305 320 337 357 375 377 393 412 434 449

INSA:
2098
286 331 272 376 33 170 184 317 160 93 263 408 440 124 51 429 354 249 87 144 371 313 72 219 399 210 29 238 15 120
287 348 259 228 3 47 137 20 217 318 174 112 308 84 430 203 369 413 278 165 344 132 74 45 104 387 255 450 405 195
122 258 241 91 78 32 169 183 423 21 407 162 339 141 441 275 291 66 395 13 324 113 237 373 209 359 58 222 386 315
196 273 92 363 422 159 216 186 264 378 8 409 442 38 235 176 310 325 55 251 89 299 133 360 148 75 402 117 345 30
151 76 260 18 392 229 198 338 245 6 364 351 439 319 306 188 142 276 431 70 129 114 295 99 56 415 44 180 389 225
61 347 436 361 166 1 107 334 214 243 158 49 81 23 231 290 410 202 190 42 312 98 269 280 433 131 329 400 149 388
152 242 212 136 108 335 182 5 94 426 36 232 380 125 85 177 204 26 268 356 296 281 57 73 314 401 374 448 419 330
271 153 349 65 173 140 248 394 9 233 201 322 342 311 54 370 128 267 97 43 432 115 27 191 383 417 447 223 90 300
391 17 333 362 274 109 156 64 425 352 307 200 83 52 39 236 266 294 127 250 14 445 328 179 416 382 147 102 221 194
31 261 168 4 336 19 161 110 366 428 309 292 126 86 323 68 443 206 146 384 358 418 103 192 254 403 224 60 285 240
211 226 62 421 437 316 123 157 246 185 139 35 82 304 111 199 175 10 24 341 277 368 355 297 381 270 59 105 404 420
16 288 332 213 2 77 155 438 302 262 230 427 187 37 353 143 53 96 178 414 326 205 71 397 372 116 253 134 284 390
346 406 46 63 197 181 301 171 80 22 218 379 367 164 265 11 41 343 327 446 252 100 298 398 282 435 239 135 119 150
121 257 227 167 154 350 48 215 244 34 7 303 365 424 321 340 293 411 25 69 396 444 279 88 145 101 208 385 193 118
256 106 289 79 393 337 172 138 247 377 305 320 163 50 234 95 189 12 40 67 412 130 207 357 434 28 220 283 449 375

