30 20 600
20 3 96 9 26 7 33 1 19 5 43 16 17 17 26 14 66 6 84 13 56 11 83 8 66 15 74 20 24 2 85 4 47 19 88 18 97 10 41 12 77
20 1 70 11 46 14 90 4 61 3 24 8 63 2 95 17 34 10 47 18 50 19 62 16 10 12 66 9 52 20 49 6 4 5 94 13 38 15 93 7 84
20 1 48 20 60 12 15 10 25 16 21 4 99 14 56 19 32 2 31 6 36 8 74 7 72 11 91 5 29 15 34 9 50 13 21 3 36 17 1 18 30
20 8 50 20 84 11 74 12 35 10 86 15 42 7 31 13 62 17 82 14 66 6 39 16 48 5 98 4 99 18 48 9 77 2 31 19 51 3 44 1 41
20 1 90 7 27 12 30 2 68 4 25 17 94 20 66 13 48 11 47 8 16 6 90 3 23 16 5 5 3 19 10 15 37 10 74 9 28 14 25 18 86
20 18 32 9 76 20 29 17 60 1 60 13 21 14 2 15 65 4 22 3 36 2 80 11 61 8 55 10 84 16 99 5 25 7 68 12 80 19 67 6 50
20 19 90 2 9 10 28 12 38 18 36 1 19 3 4 7 46 17 84 11 71 5 60 15 23 20 63 13 77 16 72 8 2 4 63 6 24 9 60 14 99
20 15 96 10 78 12 79 9 90 3 63 17 80 5 10 2 2 20 67 7 96 1 69 8 13 16 42 19 54 13 76 18 32 14 75 4 52 6 98 11 16
20 4 31 15 80 10 77 1 56 12 85 11 95 5 59 13 46 6 4 17 85 3 42 2 14 14 4 8 40 18 40 20 48 7 90 19 82 9 4 16 87
20 14 3 8 53 10 33 1 93 4 62 9 17 12 65 5 23 6 10 15 44 16 49 7 2 3 54 18 25 2 42 11 57 20 23 19 16 17 76 13 12
20 5 68 18 54 3 75 9 29 12 29 20 98 19 17 14 4 13 10 4 71 2 26 11 3 6 51 16 79 15 30 10 58 17 76 7 81 8 63 1 60
20 7 98 1 6 13 66 19 53 2 60 15 93 20 52 17 68 11 81 9 51 18 85 12 74 3 12 14 23 8 43 5 98 6 26 16 51 4 22 10 26
20 3 90 8 35 14 76 1 7 20 67 5 10 10 41 12 41 17 18 4 41 6 35 7 13 15 30 19 28 13 32 16 95 11 92 2 71 18 76 9 78
20 15 31 4 64 7 21 8 72 9 78 13 88 16 4 6 74 17 26 5 11 1 41 18 93 2 32 19 74 3 18 20 37 11 28 12 47 10 98 14 65
20 19 10 12 37 3 99 4 28 6 84 5 92 16 12 14 72 20 84 7 90 2 35 15 40 1 63 13 29 9 89 10 16 17 4 8 38 11 22 18 84
20 11 41 14 38 17 71 9 65 18 86 12 30 8 57 6 71 15 24 16 10 7 78 4 74 1 16 20 25 19 6 3 75 5 68 13 67 2 69 10 56
20 3 46 11 79 20 36 8 13 19 3 5 57 7 79 6 53 1 11 12 45 14 39 2 87 10 25 13 62 9 32 17 13 15 22 4 93 16 90 18 90
20 2 64 14 70 12 9 3 92 4 15 19 32 18 6 10 96 17 51 7 87 13 49 16 75 1 84 5 1 8 10 15 39 9 3 6 89 11 13 20 21
20 19 45 11 40 13 14 17 69 2 45 12 98 9 90 20 19 10 40 18 2 6 47 3 70 14 46 15 70 8 93 7 70 16 93 1 33 4 9 5 85
20 8 13 9 85 15 32 12 30 11 70 14 61 7 42 17 41 20 92 3 87 19 36 4 58 6 66 5 70 2 21 13 22 16 41 1 88 10 91 18 94
20 12 19 7 51 18 8 9 94 5 72 13 99 2 18 1 39 20 30 10 61 17 19 19 74 3 2 4 77 11 66 16 28 15 23 8 14 6 92 14 90
20 17 96 20 92 5 34 6 10 4 68 19 94 16 62 9 83 14 26 1 87 11 29 15 95 12 30 2 49 13 43 3 85 10 1 7 60 18 80 8 48
20 4 42 5 14 3 55 10 97 8 65 17 63 1 74 6 63 14 67 12 48 9 63 15 81 19 8 11 7 18 22 7 43 13 53 16 22 2 93 20 89
20 8 14 3 2 15 8 6 22 7 93 10 59 11 15 16 9 4 10 17 81 19 85 13 62 12 70 18 64 1 93 9 26 5 30 14 6 20 86 2 27
20 18 10 12 39 19 56 8 23 13 44 5 93 11 90 4 99 9 80 14 47 3 38 10 15 16 41 20 26 7 48 2 52 17 75 15 65 6 4 1 57
20 2 46 5 78 11 10 8 13 1 32 10 63 15 71 6 66 3 40 19 13 7 50 4 97 20 41 17 95 12 58 13 57 16 63 18 42 14 56 9 31
20 11 88 15 2 13 34 7 19 19 86 3 90 14 84 9 40 10 52 20 66 12 76 16 62 18 27 8 28 1 5 6 72 17 54 4 46 2 57 5 66
20 15 98 14 44 2 33 6 20 18 74 3 30 5 4 19 88 4 19 13 85 20 81 1 29 11 72 10 79 12 54 9 37 8 95 16 11 17 11 7 2
20 6 48 12 34 17 25 13 26 16 53 11 97 1 26 3 23 15 36 5 17 9 65 2 97 19 5 10 13 18 71 8 32 20 26 7 6 4 47 14 57
20 20 22 15 87 5 89 9 41 1 70 2 35 16 95 10 62 4 57 13 52 7 18 14 94 18 60 8 34 12 87 17 22 6 96 3 59 19 81 11 90

natural:
24593
4 21 41 80 81 105 126 151 164 184 220 222 244 271 293 313 329 353 378 398 408 430 447 475 500 505 535 552 567 585
15 27 49 77 84 111 122 148 172 195 211 225 258 273 291 319 332 341 365 395 407 434 459 480 496 501 539 543 572 586
1 25 58 79 92 110 127 145 171 193 203 233 241 275 283 316 321 344 372 390 413 436 443 462 491 509 526 546 568 598
16 24 46 74 85 109 137 158 161 185 210 239 250 262 284 312 338 345 379 392 414 425 441 469 488 512 538 549 579 589
5 37 54 73 94 116 131 147 167 188 201 236 246 270 286 317 326 354 380 394 405 423 442 477 486 502 540 547 570 583
9 36 50 71 91 120 138 159 169 189 213 237 251 268 285 308 328 358 371 393 419 424 448 464 499 508 536 544 561 597
3 40 52 67 82 117 128 150 177 192 218 221 252 263 290 311 327 350 376 387 402 438 456 465 495 511 524 560 578 591
12 26 51 61 90 113 136 152 174 182 219 235 242 264 298 307 324 355 375 381 418 440 445 461 484 504 534 557 576 594
2 34 56 76 98 102 139 144 179 186 204 230 260 265 295 304 335 357 367 382 404 428 451 476 489 520 528 556 571 584
19 29 44 65 97 114 123 142 163 183 216 240 247 279 296 320 333 348 369 399 410 437 444 466 492 506 529 554 574 588
11 22 53 63 89 112 130 160 166 196 212 229 257 277 299 301 322 359 362 385 415 431 454 467 487 503 521 553 566 600
20 33 43 64 83 118 124 143 165 187 205 232 248 278 282 306 330 343 366 384 401 433 450 473 482 515 531 555 562 595
10 38 57 68 88 106 134 155 168 200 209 223 255 266 294 318 334 351 363 396 406 435 457 472 485 516 523 550 564 590
8 23 47 70 99 107 140 157 173 181 208 234 243 280 288 302 331 342 373 386 420 429 449 478 490 519 527 542 580 592
13 39 55 66 96 108 132 141 162 190 215 226 253 261 292 309 337 356 374 383 417 432 452 463 498 507 522 541 569 582
6 32 45 72 93 115 135 153 180 191 214 238 256 267 287 310 339 352 377 397 416 427 458 468 493 517 532 558 565 587
7 28 59 69 86 104 129 146 170 199 217 228 249 269 297 303 336 349 364 388 411 421 446 470 497 514 537 559 563 596
18 30 60 75 100 101 125 156 175 194 202 231 259 272 300 305 340 347 370 400 403 439 455 474 481 518 533 545 575 593
17 31 48 78 95 119 121 154 178 198 207 224 254 274 281 315 325 346 361 391 412 426 453 471 483 510 525 548 573 599
14 35 42 62 87 103 133 149 176 197 206 227 245 276 289 314 323 360 368 389 409 422 460 479 494 513 530 551 577 581

INSA:
2406
41 81 21 4 222 447 408 126 105 585 505 244 184 271 164 329 430 313 535 567 151 398 293 552 353 475 378 220 80 500
341 122 84 225 407 501 543 365 49 211 586 27 111 148 273 332 15 395 291 434 258 172 572 496 77 459 195 539 319 480
321 1 462 443 241 203 283 526 127 25 145 546 110 344 413 390 275 92 509 491 372 568 316 436 171 233 598 193 79 58
441 262 161 46 85 284 425 24 210 488 469 109 185 312 345 589 414 250 549 392 16 512 74 137 338 538 158 379 579 239
442 201 5 405 326 423 583 486 502 547 246 270 286 147 131 94 394 167 73 570 116 188 54 317 354 37 236 477 540 380
561 464 9 424 285 544 268 308 213 448 50 328 91 251 508 393 371 71 536 169 419 597 189 36 138 358 237 159 499 120
402 263 82 3 221 524 327 465 128 67 387 311 52 591 150 252 350 290 511 456 495 117 438 376 192 218 177 578 40 560
381 61 461 264 484 324 445 242 182 307 504 26 12 90 51 113 594 534 418 152 375 174 235 136 355 298 440 219 576 557
382 2 404 304 102 204 265 584 144 528 367 230 428 186 451 489 98 34 571 335 295 76 357 139 476 556 56 179 260 520
44 444 123 142 65 183 163 466 410 506 247 529 588 29 348 97 369 492 114 333 216 279 437 399 296 574 554 19 240 320
301 521 362 322 22 63 385 487 503 467 11 212 89 229 130 112 166 277 415 431 566 454 53 257 553 359 299 196 600 160
401 43 482 282 83 562 64 205 124 384 143 306 343 366 248 165 330 450 531 278 187 33 595 433 473 232 118 515 555 20
363 523 223 485 406 266 209 10 106 564 88 68 590 550 255 472 396 351 168 435 334 134 294 155 457 516 38 318 57 200
302 181 342 8 542 23 47 208 386 243 107 527 449 288 331 429 592 70 490 99 373 173 234 280 157 140 478 519 420 580
261 141 522 463 582 162 541 383 226 66 108 309 507 13 215 132 96 253 452 432 417 569 292 374 190 337 55 356 39 498
45 6 267 565 468 310 587 287 427 214 93 532 32 416 256 493 72 397 115 153 352 135 191 458 377 517 339 238 558 180
421 303 364 563 7 446 86 104 228 411 269 146 388 129 249 28 69 470 349 596 170 217 336 514 297 537 497 59 199 559
481 403 101 202 305 125 545 272 347 30 231 593 370 533 455 100 18 474 259 75 175 439 156 194 575 400 518 300 60 340
361 281 121 483 325 224 525 207 426 48 412 548 346 274 391 95 31 254 471 453 510 17 315 154 573 599 119 78 178 198
581 42 62 323 422 103 206 409 227 87 245 389 530 149 276 14 368 289 314 133 494 513 551 35 176 360 577 460 197 479

