50 15 750
15 2 17 13 55 3 62 7 74 11 38 1 44 12 29 10 47 5 94 8 38 6 64 14 75 15 60 4 78 9 10
15 8 18 2 59 1 87 12 40 5 53 10 38 11 44 3 38 6 7 7 9 14 96 13 67 9 58 4 28 15 64
15 10 42 4 11 6 93 11 72 9 58 7 49 13 46 5 21 8 93 1 51 14 13 15 72 12 78 3 43 2 55
15 11 93 8 47 4 82 13 64 9 38 1 24 6 17 7 7 12 49 2 4 15 69 10 39 3 25 5 85 14 52
15 12 48 1 80 10 48 4 3 8 7 14 69 9 53 7 46 6 1 2 52 3 37 13 25 15 84 11 85 5 14
15 3 49 5 42 15 62 8 86 2 14 9 25 1 62 7 63 6 86 11 7 14 83 4 84 10 54 13 23 12 16
15 5 56 4 79 8 97 11 34 10 3 9 83 3 39 14 44 15 43 12 98 2 99 7 2 6 47 1 97 13 8
15 14 61 15 84 3 96 13 64 6 58 9 64 11 14 5 40 1 94 4 13 8 24 12 64 2 63 10 58 7 74
15 15 93 7 4 2 28 4 43 1 92 8 55 5 87 10 19 11 23 9 23 13 99 3 89 12 42 14 71 6 96
15 5 56 4 31 8 72 7 88 1 6 9 50 11 66 2 93 12 26 13 17 14 62 10 4 6 13 15 46 3 35
15 2 7 4 81 15 97 9 52 3 93 6 28 10 74 7 17 13 48 1 45 8 51 11 65 12 74 5 2 14 10
15 13 85 3 85 5 93 7 35 12 51 10 6 4 91 8 99 9 9 6 38 11 3 15 15 2 39 14 55 1 35
15 7 14 15 28 3 49 12 53 1 94 4 7 13 14 6 29 2 30 9 47 14 50 10 54 8 25 11 90 5 84
15 6 16 12 43 5 82 1 2 10 86 11 70 15 49 13 26 4 63 8 34 2 86 9 1 3 26 14 8 7 11
15 9 90 4 19 15 54 13 27 10 38 11 57 5 68 6 70 14 76 8 30 3 55 12 98 2 9 7 57 1 81
15 12 24 5 95 14 91 1 57 15 71 6 71 10 84 11 49 13 94 7 74 4 18 3 22 9 33 2 73 8 81
15 15 86 1 5 6 94 5 1 11 68 2 50 9 53 10 14 13 82 12 80 4 42 14 1 8 72 7 48 3 64
15 15 19 14 45 2 50 10 14 9 3 13 82 7 4 11 55 1 94 12 76 8 64 5 69 4 32 3 20 6 48
15 11 53 1 33 13 90 5 13 8 73 2 48 7 52 6 57 4 71 3 13 10 55 9 95 12 49 14 32 15 8
15 3 72 9 1 11 8 1 63 12 7 15 5 7 30 2 71 5 74 8 79 14 36 13 71 6 31 4 79 10 43
15 4 93 15 96 12 93 8 88 1 4 10 12 13 34 14 11 5 17 9 20 2 74 11 70 6 13 7 52 3 83
15 10 87 9 39 8 84 2 69 1 65 4 19 7 82 15 48 3 87 5 87 6 1 11 58 14 90 12 22 13 81
15 11 57 15 17 7 58 10 27 14 48 6 38 8 77 1 92 13 11 12 21 9 70 3 69 4 47 2 91 5 70
15 13 92 3 17 1 6 6 58 14 47 10 90 7 33 15 25 2 22 9 97 4 40 8 63 5 95 11 17 12 20
15 5 87 2 80 15 3 8 97 7 53 3 38 11 28 1 31 12 47 6 4 14 46 4 11 9 70 13 54 10 44
15 1 82 15 50 12 60 5 15 7 66 2 55 11 25 9 44 4 94 14 73 10 78 13 96 8 22 3 18 6 4
15 5 91 4 10 1 87 11 65 7 12 10 73 6 17 15 6 8 85 2 29 13 54 3 72 12 43 14 48 9 29
15 8 48 10 41 3 44 5 99 15 14 11 9 9 21 2 70 4 87 14 66 12 37 1 82 6 29 13 56 7 10
15 7 28 11 64 12 87 15 51 10 52 1 85 2 85 3 59 8 44 9 80 6 51 4 11 13 63 5 68 14 85
15 9 32 13 38 15 90 8 18 12 9 1 33 11 43 14 59 3 52 7 91 4 57 10 38 6 15 5 18 2 79
15 10 14 6 31 13 96 8 95 15 83 2 68 1 7 7 91 4 49 5 32 3 93 9 88 14 11 11 2 12 2
15 5 22 6 39 11 25 2 25 1 84 3 49 9 68 10 18 15 20 13 7 7 93 14 93 12 64 4 56 8 61
15 10 96 8 13 1 58 11 20 14 5 15 26 9 26 13 6 2 20 3 4 5 60 7 37 12 2 4 45 6 52
15 2 49 9 36 1 25 13 28 6 46 12 23 3 35 5 8 8 67 15 45 10 46 7 13 11 4 4 16 14 6
15 15 12 9 84 6 62 10 79 7 98 1 44 14 25 4 25 3 29 13 17 8 12 5 39 2 58 12 25 11 57
15 6 3 13 43 9 4 15 87 1 64 2 36 11 80 4 22 10 20 5 59 8 26 3 45 14 39 7 99 12 72
15 5 39 1 48 12 55 15 75 6 64 2 22 7 43 8 91 10 7 13 66 9 22 4 43 11 59 3 38 14 80
15 8 50 3 75 11 50 15 68 7 33 4 99 9 32 1 46 2 10 14 81 5 93 13 29 6 13 12 98 10 13
15 9 60 7 14 6 54 3 11 8 98 4 4 1 56 14 17 15 18 10 28 2 85 11 57 13 82 12 99 5 4
15 3 79 12 91 15 23 1 21 7 91 8 52 14 48 6 1 13 23 9 88 11 6 2 73 5 12 10 1 4 3
15 10 36 13 40 8 39 9 14 12 80 15 24 6 49 11 27 14 89 2 4 3 68 1 77 5 98 7 14 4 74
15 13 61 11 48 1 56 14 8 5 76 9 25 4 43 2 67 8 10 10 92 7 67 15 33 12 51 3 45 6 98
15 15 45 8 38 9 79 5 35 7 24 14 1 6 51 10 88 4 94 1 91 2 48 3 2 13 49 11 8 12 86
15 15 44 7 6 4 31 12 49 2 11 3 44 11 98 6 81 9 42 10 98 13 77 8 9 5 55 14 29 1 9
15 13 47 4 87 1 50 12 40 5 85 3 86 8 18 2 48 7 91 11 94 9 98 6 86 14 56 15 75 10 46
15 3 44 8 53 1 99 5 95 6 32 11 33 14 68 2 22 12 49 4 96 10 8 13 87 9 78 15 6 7 62
15 7 86 4 97 1 16 9 33 11 47 10 93 5 11 8 82 3 7 14 18 15 29 12 17 2 56 13 80 6 82
15 9 17 3 9 6 17 11 65 7 88 8 37 1 53 12 40 2 35 10 24 5 71 15 52 4 30 14 81 13 2
15 6 65 12 90 4 38 13 97 8 96 7 14 3 85 1 73 14 95 10 87 15 10 2 18 5 17 11 4 9 58
15 4 69 12 64 6 77 7 3 2 75 3 99 11 74 9 56 14 29 15 96 13 83 10 64 5 19 1 18 8 38

natural:
28757
6 18 40 51 62 82 104 114 125 140 160 180 185 199 225 229 242 264 272 289 305 320 338 348 368 376 393 417 426 441 457 470 483 498 516 530 542 563 577 589 612 618 640 660 663 678 693 712 728 749
1 17 45 55 70 80 101 118 123 143 151 178 189 206 223 239 246 258 276 293 311 319 344 354 362 381 400 413 427 450 456 469 489 496 523 531 546 564 581 597 610 623 641 650 668 683 703 714 732 740
3 23 44 58 71 76 97 108 132 150 155 167 183 208 221 237 255 269 280 286 315 324 342 347 366 389 402 408 428 444 461 471 490 502 519 537 554 557 574 586 611 629 642 651 666 676 699 707 727 741
14 29 32 48 64 87 92 115 124 137 152 172 186 204 212 236 251 268 279 299 301 321 343 356 372 384 392 414 432 446 459 479 494 509 518 533 552 561 576 600 615 622 639 648 662 685 692 718 723 736
9 20 38 59 75 77 91 113 127 136 164 168 195 198 217 227 244 267 274 294 309 325 345 358 361 379 391 409 434 449 460 466 491 503 522 535 541 566 585 598 613 620 634 658 665 679 697 716 733 748
11 24 33 52 69 84 103 110 135 148 156 175 188 196 218 231 243 270 278 298 313 326 336 349 370 390 397 418 431 448 452 467 495 500 513 526 545 568 573 593 607 630 637 653 672 680 705 708 721 738
4 25 36 53 68 83 102 120 122 139 158 169 181 210 224 235 254 262 277 292 314 322 333 352 365 380 395 420 421 445 458 476 492 507 515 539 547 560 572 590 614 626 635 647 669 690 691 710 726 739
10 16 39 47 65 79 93 116 126 138 161 173 193 205 220 240 253 266 275 295 304 318 337 357 364 388 399 406 429 439 454 480 482 504 521 536 548 556 575 591 603 624 632 657 667 677 698 711 725 750
15 28 35 50 67 81 96 111 130 141 154 174 190 207 211 238 247 260 282 287 310 317 341 355 373 383 405 412 430 436 462 472 487 497 512 528 551 562 571 595 604 621 633 654 671 688 694 706 735 743
8 21 31 57 63 88 95 119 128 147 157 171 192 200 215 232 248 259 281 300 306 316 334 351 375 386 396 407 425 447 451 473 481 506 514 534 549 570 580 599 601 625 638 655 675 686 696 715 730 747
5 22 34 46 74 85 94 112 129 142 162 176 194 201 216 233 245 263 271 288 312 327 331 359 367 382 394 411 422 442 464 468 484 508 525 532 553 558 582 596 608 617 644 652 670 681 695 709 734 742
7 19 43 54 61 90 100 117 133 144 163 170 184 197 222 226 250 265 283 290 303 329 340 360 369 378 403 416 423 440 465 478 493 501 524 540 543 569 584 587 605 628 645 649 664 684 702 713 722 737
2 27 37 49 72 89 105 109 131 145 159 166 187 203 214 234 249 261 273 297 307 330 339 346 374 387 401 419 433 437 453 475 488 499 520 527 550 567 583 594 602 616 643 656 661 687 704 720 724 746
12 26 41 60 66 86 98 106 134 146 165 179 191 209 219 228 252 257 284 296 308 328 335 350 371 385 404 415 435 443 463 477 485 510 517 538 555 565 578 592 609 619 636 659 673 682 700 719 729 744
13 30 42 56 73 78 99 107 121 149 153 177 182 202 213 230 241 256 285 291 302 323 332 353 363 377 398 410 424 438 455 474 486 505 511 529 544 559 579 588 606 627 631 646 674 689 701 717 731 745

INSA:
3258
542 289 618 376 712 199 663 272 18 6 348 470 693 678 498 589 140 320 82 125 229 563 577 393 242 51 185 426 305 612 441 62 516 483 338 368 264 114 160 530 457 728 640 40 660 225 417 749 104 180
1 151 17 469 650 293 319 714 258 740 496 123 80 381 362 610 623 564 546 668 703 354 276 246 189 427 55 683 223 413 581 143 489 523 70 311 456 531 206 641 400 597 118 101 178 344 732 239 450 45
707 286 676 76 3 586 557 651 183 108 347 167 574 471 97 408 741 502 666 699 611 155 324 221 428 727 23 366 519 444 490 132 58 280 71 342 150 629 642 461 537 402 237 208 269 315 554 44 255 389
736 301 212 137 648 92 662 723 32 48 692 392 152 124 321 561 576 718 622 639 384 186 356 64 204 518 414 432 87 279 115 172 685 459 533 494 343 446 299 372 236 552 251 268 479 509 600 29 14 615
541 136 466 91 361 77 198 634 391 294 620 379 716 227 20 217 665 697 409 274 679 127 244 503 168 325 9 113 566 309 38 522 491 658 59 434 267 460 535 613 358 164 585 598 449 748 733 345 75 195
196 708 721 452 467 526 513 738 336 637 33 607 573 349 653 500 545 218 110 231 243 680 188 593 52 156 84 326 278 24 431 11 69 370 705 672 148 568 397 298 313 448 175 495 630 418 270 103 135 390
181 691 647 710 333 292 4 635 739 122 572 421 380 560 139 262 322 590 83 515 352 669 277 53 36 547 476 726 365 169 25 224 158 68 626 395 492 458 445 235 507 314 614 539 102 120 254 210 690 420
16 406 556 632 677 138 711 603 318 47 93 482 337 79 295 454 575 126 667 698 624 220 591 275 304 504 439 725 364 65 429 10 521 548 657 205 116 161 266 39 399 536 357 173 193 253 480 750 240 388
706 211 287 317 512 633 604 436 571 96 694 497 260 81 621 383 472 562 528 141 654 154 412 50 35 743 111 130 355 190 247 671 430 487 67 310 595 341 282 207 551 28 174 373 238 462 688 405 735 15
451 316 601 334 407 31 481 215 95 715 200 259 514 638 8 696 21 425 351 473 580 128 232 306 625 386 248 63 655 157 57 171 549 396 147 192 281 534 686 506 88 447 300 119 730 747 599 570 375 675
709 288 617 331 468 46 271 5 558 652 94 216 608 695 422 382 201 34 263 142 411 742 394 245 129 112 681 670 442 22 85 484 367 233 327 582 525 596 532 162 312 508 644 176 359 553 194 74 734 464
226 197 722 290 737 649 543 605 713 664 378 19 7 587 303 423 501 184 702 61 100 54 440 222 684 170 144 340 369 524 133 265 493 628 250 117 569 283 478 584 90 403 416 360 163 43 329 540 465 645
616 661 2 602 453 214 166 346 724 261 499 273 109 527 49 437 297 720 187 594 131 475 307 37 203 704 249 567 339 520 488 656 145 433 159 550 27 583 234 746 643 401 72 89 374 687 419 387 330 105
106 257 619 335 636 350 228 98 296 609 219 578 700 719 385 744 592 565 682 308 191 443 517 66 485 86 26 371 146 659 673 60 415 477 41 12 284 729 538 134 252 209 404 328 510 165 463 179 435 555
511 646 631 256 182 107 332 291 213 78 121 377 606 302 559 544 588 717 153 363 424 99 230 410 241 579 701 353 323 529 438 474 202 455 486 56 627 745 505 398 149 285 73 177 42 731 13 674 689 30

