20 20 400
20 10 14 7 62 3 32 15 81 19 65 14 53 1 31 2 98 11 34 20 27 18 60 17 43 12 30 16 24 8 61 9 40 13 7 5 15 6 50 4 10
20 11 12 6 42 18 69 20 12 5 84 12 24 10 87 13 69 1 45 8 37 9 38 16 72 2 54 7 66 14 45 15 4 3 61 4 20 17 49 19 17
20 7 60 9 45 20 34 11 74 15 65 6 75 5 92 18 69 3 40 12 26 16 69 1 30 8 18 4 88 2 49 14 68 10 25 13 1 17 95 19 25
20 12 77 5 61 18 42 16 65 9 99 14 81 10 84 7 33 17 8 20 21 1 26 8 58 2 91 11 7 19 95 4 91 3 91 6 14 13 46 15 49
20 12 62 20 88 17 2 1 12 9 68 6 99 3 46 11 35 19 87 14 53 10 60 4 54 13 99 16 59 8 10 5 34 2 67 18 31 7 52 15 53
20 12 21 10 92 17 33 8 8 7 9 16 51 2 44 20 1 11 69 19 83 9 17 18 86 3 51 15 95 5 40 13 32 14 84 4 54 1 3 6 31
20 4 46 13 87 3 45 8 62 17 10 15 19 16 3 10 69 20 51 19 56 2 20 6 51 1 41 11 12 12 6 9 45 14 17 7 2 18 93 5 39
20 19 10 13 82 1 44 10 22 4 9 8 55 17 29 9 3 5 3 18 77 12 78 11 43 6 9 3 84 15 1 16 11 7 59 20 97 2 23 14 83
20 1 3 18 89 9 34 13 4 7 94 16 10 14 90 2 16 10 18 6 55 12 69 3 39 19 99 4 77 8 65 5 55 17 27 11 84 20 94 15 2
20 12 85 19 98 6 6 7 74 1 24 11 54 3 85 2 7 16 60 15 49 4 92 13 59 5 26 20 97 17 87 9 28 14 81 8 46 18 4 10 82
20 14 49 8 99 7 92 18 55 16 38 11 23 3 97 20 42 13 94 12 95 2 93 17 31 9 91 15 3 4 30 1 28 6 56 5 21 10 51 19 22
20 7 51 20 65 13 71 14 81 6 56 11 45 10 41 19 26 15 52 17 88 8 97 12 3 1 32 3 16 4 1 16 13 5 8 18 50 2 66 9 5
20 7 93 10 78 11 90 15 25 13 83 6 40 12 83 8 67 3 59 18 90 20 91 5 50 16 22 1 9 2 12 14 28 17 28 4 40 19 43 9 29
20 12 65 20 30 6 14 8 33 11 50 10 91 16 19 5 50 3 86 15 83 7 13 13 49 1 30 14 43 17 46 18 67 2 6 19 77 4 87 9 64
20 10 92 20 96 6 76 11 42 5 39 12 17 1 46 7 61 3 17 4 29 8 69 14 58 2 69 19 98 9 60 16 97 17 76 15 41 18 55 13 32
20 8 37 5 38 7 77 3 4 4 72 19 31 1 32 6 98 2 44 9 65 14 16 18 84 12 60 15 88 20 20 17 60 13 92 16 91 11 72 10 58
20 16 15 13 37 6 51 3 9 9 15 8 14 15 73 10 93 5 79 4 63 14 21 7 68 17 9 18 51 20 25 2 57 12 41 11 51 19 80 1 20
20 20 50 14 50 10 19 6 81 7 1 5 6 9 15 4 30 16 19 11 36 3 64 13 76 1 40 2 32 19 77 17 62 15 52 12 7 8 97 18 40
20 8 29 18 35 6 7 13 59 5 1 15 65 14 92 3 39 19 56 10 93 2 29 12 54 1 41 7 54 17 7 11 85 16 74 9 79 20 72 4 79
20 9 31 15 9 12 76 19 54 16 44 17 39 20 48 14 17 18 4 2 13 10 87 6 24 7 68 1 84 4 82 5 1 11 4 3 60 8 56 13 58

natural:
14504
7 29 52 71 84 119 133 143 161 185 216 233 254 273 287 307 340 353 373 394
8 33 55 73 97 107 131 159 168 188 211 239 255 277 293 309 336 354 371 390
3 37 49 77 87 113 123 154 172 187 207 234 249 269 289 304 324 351 368 398
20 38 54 76 92 118 121 145 174 191 215 235 258 279 290 305 330 348 380 395
18 25 47 62 96 115 140 149 176 193 218 237 252 268 285 302 329 346 365 396
19 22 46 78 86 120 132 153 170 183 217 225 246 263 283 308 323 344 363 392
2 34 41 68 99 105 138 157 165 184 203 221 241 271 288 303 332 345 374 393
15 30 53 72 95 104 124 146 175 198 202 231 248 264 291 301 326 359 361 399
16 31 42 65 85 111 136 148 163 196 213 240 260 280 295 310 325 347 378 381
1 27 57 67 91 102 128 144 169 200 219 227 242 266 281 320 328 343 370 391
9 21 44 74 88 109 134 152 178 186 206 226 243 265 284 319 338 350 376 397
13 26 50 61 81 101 135 151 171 181 210 232 247 261 286 313 337 358 372 383
17 28 58 79 93 116 122 142 164 192 209 223 245 272 300 317 322 352 364 400
6 35 56 66 90 117 137 160 167 197 201 224 256 274 292 311 331 342 367 388
4 36 45 80 100 114 126 155 180 190 214 229 244 270 298 314 327 357 366 382
14 32 51 64 94 106 127 156 166 189 205 236 253 267 296 318 321 349 377 385
12 39 59 69 83 103 125 147 177 195 212 230 257 275 297 316 333 356 375 386
11 23 48 63 98 112 139 150 162 199 204 238 250 276 299 312 334 360 362 389
5 40 60 75 89 110 130 141 173 182 220 228 259 278 294 306 339 355 369 384
10 24 43 70 82 108 129 158 179 194 208 222 251 262 282 315 335 341 379 387

INSA:
1873
161 143 84 185 307 287 7 71 353 29 373 52 273 394 233 133 254 216 119 340
107 168 188 309 8 390 371 354 293 73 33 211 55 131 277 255 336 97 159 239
324 3 304 368 123 351 87 187 289 172 207 49 269 249 113 154 398 234 37 77
121 348 145 305 290 330 191 174 92 54 395 76 215 235 279 38 258 118 20 380
302 365 62 346 25 149 268 285 47 329 193 176 115 396 96 252 237 218 18 140
22 363 323 263 344 283 46 183 86 170 308 246 225 392 153 132 217 78 19 120
41 241 2 303 105 345 165 221 184 203 288 68 374 271 393 332 34 157 138 99
361 301 326 104 264 202 146 124 291 72 248 30 53 175 231 95 399 15 198 359
42 325 163 381 347 85 148 65 310 111 31 295 213 378 196 136 16 280 240 260
1 281 102 343 242 144 266 27 169 328 67 370 391 227 91 128 57 219 200 320
21 44 265 243 350 284 109 186 88 206 226 152 9 376 74 397 134 178 338 319
81 101 261 61 181 383 26 286 151 171 247 50 372 313 210 232 358 135 13 337
322 364 142 164 122 223 245 28 352 209 192 272 93 317 116 58 17 400 79 300
342 201 367 167 66 6 224 388 311 292 90 331 274 35 56 256 197 137 117 160
366 327 382 45 4 244 126 190 270 229 314 155 114 357 214 36 298 100 180 80
321 106 349 166 64 267 127 205 385 189 51 32 377 156 94 296 253 236 14 318
103 83 147 125 69 386 356 375 230 275 212 333 316 195 12 177 297 257 59 39
362 162 23 63 150 204 48 389 312 112 250 11 334 276 238 98 199 139 299 360
141 182 306 384 369 5 110 89 173 355 228 294 75 130 278 220 339 259 40 60
341 82 43 262 282 24 108 222 70 387 208 10 129 194 315 251 335 158 379 179

